    1 -15.2587 -18.8719 625662.577 0.34 230.040 	  2016   1   1  0  0  0.000000 
    2 -13.4138 -19.2691 624821.836 1.10 234.323 	  2016   1   1  0  0 29.999998 
    3 -11.5680 -19.6623 624025.623 1.75 238.853 	  2016   1   1  0  0 59.999996 
    4  -9.7214 -20.0521 623275.578 2.28 243.601 	  2016   1   1  0  1 29.999995 
    5  -7.8741 -20.4390 622573.187 2.65 248.523 	  2016   1   1  0  1 59.999993 
    6  -6.0261 -20.8236 621919.771 2.86 253.563 	  2016   1   1  0  2 29.999991 
    7  -4.1776 -21.2066 621316.484 2.89 258.657 	  2016   1   1  0  2 59.999989 
    8  -2.3286 -21.5884 620764.309 2.75 263.734 	  2016   1   1  0  3 29.999987 
    9  -0.4793 -21.9695 620264.057 2.45 268.727 	  2016   1   1  0  3 59.999986 
   10   1.3704 -22.3506 619816.362 1.98 273.576 	  2016   1   1  0  4 29.999984 
   11   3.2201 -22.7320 619421.680 1.38 278.231 	  2016   1   1  0  4 59.999982 
   12   5.0700 -23.1145 619080.293 0.66 282.655 	  2016   1   1  0  5 29.999980 
nan nan nan nan 
   13   2.5983  24.5740 648262.046 0.10 83.813 	  2016   1   1  0  6  0.000019 
   14   0.7637  24.1948 648692.220 0.61 88.149 	  2016   1   1  0  6 30.000017 
   15  -1.0707  23.8159 649144.731 1.00 92.633 	  2016   1   1  0  7  0.000015 
   16  -2.9048  23.4367 649619.089 1.25 97.224 	  2016   1   1  0  7 30.000013 
   17  -4.7386  23.0567 650114.667 1.36 101.875 	  2016   1   1  0  8  0.000012 
   18  -6.5719  22.6754 650630.699 1.33 106.536 	  2016   1   1  0  8 30.000010 
   19  -8.4047  22.2922 651166.283 1.14 111.155 	  2016   1   1  0  9  0.000008 
   20 -10.2369  21.9067 651720.384 0.82 115.683 	  2016   1   1  0  9 30.000006 
   21 -12.0685  21.5182 652291.839 0.37 120.076 	  2016   1   1  0 10  0.000004 
nan nan nan nan 
   22  24.2378   4.9118 644911.258 0.11 10.837 	  2016   1   1  0 10 30.000003 
   23  22.4068   4.4857 645087.005 2.07 10.809 	  2016   1   1  0 11  0.000001 
   24  20.5750   4.0673 645280.665 4.19 10.769 	  2016   1   1  0 11 29.999999 
   25  18.7425   3.6560 645493.273 6.54 10.712 	  2016   1   1  0 11 59.999997 
   26  16.9095   3.2507 645725.755 9.15 10.634 	  2016   1   1  0 12 29.999996 
   27  15.0760   2.8508 645978.925 12.14 10.529 	  2016   1   1  0 12 59.999994 
   28  13.2420   2.4556 646253.478 15.61 10.386 	  2016   1   1  0 13 29.999992 
   29  11.4078   2.0645 646549.984 19.76 10.189 	  2016   1   1  0 13 59.999990 
   30   9.5733   1.6767 646868.889 24.88  9.907 	  2016   1   1  0 14 29.999988 
   31   7.7386   1.2918 647210.505 31.40  9.482 	  2016   1   1  0 14 59.999987 
   32   5.9039   0.9092 647575.010 39.99  8.781 	  2016   1   1  0 15 29.999985 
   33   4.0691   0.5282 647962.447 51.58  7.433 	  2016   1   1  0 15 59.999983 
   34   2.2344   0.1485 648372.719 67.00  3.826 	  2016   1   1  0 16 29.999981 
   35   0.3999  -0.2306 648805.592 85.03 329.866 	  2016   1   1  0 17  0.000020 
   36  -1.4344  -0.6095 649260.689 73.61 203.156 	  2016   1   1  0 17 30.000018 
   37  -3.2684  -0.9888 649737.495 56.85 196.922 	  2016   1   1  0 18  0.000016 
   38  -5.1021  -1.3690 650235.357 43.97 195.077 	  2016   1   1  0 18 30.000014 
   39  -6.9353  -1.7507 650753.484 34.43 194.189 	  2016   1   1  0 19  0.000013 
   40  -8.7680  -2.1342 651290.949 27.26 193.662 	  2016   1   1  0 19 30.000011 
   41 -10.6001  -2.5203 651846.695 21.71 193.308 	  2016   1   1  0 20  0.000009 
   42 -12.4315  -2.9094 652419.533 17.26 193.050 	  2016   1   1  0 20 30.000007 
   43 -14.2622  -3.3023 653008.151 13.57 192.851 	  2016   1   1  0 21  0.000005 
   44 -16.0921  -3.6994 653611.118 10.43 192.688 	  2016   1   1  0 21 30.000004 
   45 -17.9210  -4.1015 654226.885 7.70 192.551 	  2016   1   1  0 22  0.000002 
   46 -19.7490  -4.5093 654853.795 5.27 192.431 	  2016   1   1  0 22 30.000000 
   47 -21.5759  -4.9236 655490.090 3.07 192.324 	  2016   1   1  0 22 59.999998 
   48 -23.4017  -5.3452 656133.911 1.06 192.225 	  2016   1   1  0 23 29.999996 
nan nan nan nan 
   49   9.2094 -22.7500 646968.216 0.34 292.614 	  2016   1   1  0 23 59.999995 
   50   7.3748 -23.1344 647312.712 0.58 288.123 	  2016   1   1  0 24 29.999993 
   51   5.5400 -23.5167 647680.084 0.68 283.577 	  2016   1   1  0 24 59.999991 
   52   3.7053 -23.8974 648070.348 0.65 279.025 	  2016   1   1  0 25 29.999989 
   53   1.8706 -24.2769 648483.382 0.47 274.513 	  2016   1   1  0 25 59.999987 
   54   0.0361 -24.6559 648918.924 0.16 270.086 	  2016   1   1  0 26 29.999986 
nan nan nan nan 
   55  -6.7840  22.7824 621776.984 0.63 106.973 	  2016   1   1  0 26 59.999984 
   56  -4.9355  22.3988 621174.999 1.46 102.688 	  2016   1   1  0 27 29.999982 
   57  -3.0865  22.0166 620624.156 2.18 98.132 	  2016   1   1  0 27 59.999980 
   58  -1.2371  21.6352 620125.312 2.78 93.330 	  2016   1   1  0 28 30.000019 
   59   0.6126  21.2542 619679.148 3.23 88.321 	  2016   1   1  0 29  0.000017 
   60   2.4625  20.8729 619286.171 3.51 83.162 	  2016   1   1  0 29 30.000015 
   61   4.3125  20.4909 618946.706 3.61 77.920 	  2016   1   1  0 30  0.000013 
   62   6.1625  20.1076 618660.904 3.53 72.671 	  2016   1   1  0 30 30.000012 
   63   8.0125  19.7226 618428.736 3.26 67.491 	  2016   1   1  0 31  0.000010 
   64   9.8622  19.3351 618249.998 2.82 62.452 	  2016   1   1  0 31 30.000008 
   65  11.7117  18.9447 618124.312 2.22 57.610 	  2016   1   1  0 32  0.000006 
   66  13.5608  18.5508 618051.130 1.49 53.013 	  2016   1   1  0 32 30.000004 
   67  15.4094  18.1526 618029.735 0.66 48.687 	  2016   1   1  0 33  0.000003 
nan nan nan nan 
   68 -23.0172   1.9600 629027.593 1.48 175.367 	  2016   1   1  0 33 30.000001 
   69 -21.1769   1.5378 628039.520 3.52 176.011 	  2016   1   1  0 33 59.999999 
   70 -19.3354   1.1228 627088.104 5.76 176.783 	  2016   1   1  0 34 29.999997 
   71 -17.4926   0.7141 626175.564 8.25 177.720 	  2016   1   1  0 34 59.999996 
   72 -15.6487   0.3110 625303.988 11.06 178.882 	  2016   1   1  0 35 29.999994 
   73 -13.8038  -0.0872 624475.327 14.30 180.357 	  2016   1   1  0 35 59.999992 
   74 -11.9579  -0.4812 623691.384 18.12 182.286 	  2016   1   1  0 36 29.999990 
   75 -10.1112  -0.8717 622953.812 22.74 184.909 	  2016   1   1  0 36 59.999988 
   76  -8.2638  -1.2592 622264.105 28.46 188.661 	  2016   1   1  0 37 29.999987 
   77  -6.4157  -1.6443 621623.595 35.63 194.408 	  2016   1   1  0 37 59.999985 
   78  -4.5671  -2.0276 621033.447 44.43 204.032 	  2016   1   1  0 38 29.999983 
   79  -2.7179  -2.4096 620494.656 53.93 221.720 	  2016   1   1  0 38 59.999981 
   80  -0.8685  -2.7908 620008.041 59.72 252.816 	  2016   1   1  0 39 30.000020 
   81   0.9813  -3.1719 619574.247 56.32 287.092 	  2016   1   1  0 40  0.000018 
   82   2.8312  -3.5533 619193.743 47.21 308.401 	  2016   1   1  0 40 30.000016 
   83   4.6812  -3.9355 618866.818 37.96 319.842 	  2016   1   1  0 41  0.000014 
   84   6.5312  -4.3191 618593.584 30.27 326.487 	  2016   1   1  0 41 30.000013 
   85   8.3811  -4.7046 618373.974 24.14 330.733 	  2016   1   1  0 42  0.000011 
   86  10.2308  -5.0925 618207.750 19.22 333.660 	  2016   1   1  0 42 30.000009 
   87  12.0803  -5.4836 618094.495 15.18 335.797 	  2016   1   1  0 43  0.000007 
   88  13.9293  -5.8784 618033.627 11.77 337.428 	  2016   1   1  0 43 30.000005 
   89  15.7778  -6.2774 618024.394 8.84 338.717 	  2016   1   1  0 44  0.000004 
   90  17.6258  -6.6815 618065.882 6.26 339.764 	  2016   1   1  0 44 30.000002 
   91  19.4730  -7.0913 618157.023 3.95 340.636 	  2016   1   1  0 45  0.000000 
   92  21.3195  -7.5077 618296.594 1.85 341.377 	  2016   1   1  0 45 29.999998 
