   -2431.31493452    6297.72189680   -1948.75721534  0.261257464  2.319203956  7.153900930  2017  1 26  0  0  0.000000 
   -1798.87072527    6335.54483101    2443.38709414  1.773756732 -2.197863597  6.976428301  2017  1 26  0 10  0.000004 
    -446.74908608    3838.71513405    5855.50060106  2.576663908 -5.835567502  4.001023114  2017  1 26  0 20  0.000009 
    1084.04188378    -193.90723806    6918.39682097  2.348353205 -7.139403094 -0.583568187  2017  1 26  0 30  0.000013 
    2179.56336015   -4147.49662188    5198.89637339  1.174646336 -5.577217665 -4.951540158  2017  1 26  0 40  0.000018 
    2395.93969898   -6427.41178105    1378.68245400 -0.479924634 -1.752707782 -7.335648590  2017  1 26  0 49 59.999982 
    1642.57093896   -6105.69100338   -3000.59001610 -1.942484901  2.785971978 -6.747157667  2017  1 26  0 59 59.999987 
     225.09485171   -3316.19020008   -6165.44461083 -2.616198897  6.182996869 -3.435429163  2017  1 26  1  9 59.999991 
   -1283.47718375     807.30621066   -6847.43806014 -2.237626611  7.082706762  1.237525487  2017  1 26  1 19 59.999996 
   -2278.97785251    4608.71752728   -4783.55562922 -0.965647542  5.148991972  5.402181861  2017  1 26  1 30  0.000000 
   -2363.76919805    6568.32994266    -803.34491925  0.693179709  1.155361865  7.403602755  2017  1 26  1 40  0.000004 
   -1503.14513921    5900.76768533    3498.77618748  2.075901458 -3.303319765  6.437061847  2017  1 26  1 50  0.000009 
     -41.15788687    2872.52283947    6397.58223171  2.628040643 -6.440128430  2.888750096  2017  1 26  2  0  0.000013 
    1437.12551412   -1305.08461275    6728.73318689  2.127695131 -7.000692632 -1.826272141  2017  1 26  2 10  0.000018 
    2337.76440750   -4957.08015277    4350.71135913  0.768002777 -4.744322838 -5.826357079  2017  1 26  2 19 59.999982 
    2294.28896718   -6606.52063686     212.54123700 -0.908646629 -0.558369934 -7.481976141  2017  1 26  2 29 59.999987 
    1322.02869289   -5581.51235835   -4011.97435399 -2.217491686  3.852337789 -6.104137987  2017  1 26  2 39 59.999991 
    -184.26309971   -2303.09548704   -6614.55028459 -2.627443749  6.690408897 -2.271239401  2017  1 26  2 49 59.999996 
   -1617.22914403    1900.81960994   -6557.07410789 -1.983438651  6.835271713  2.453036971  2017  1 26  3  0  0.000000 
   -2403.90940399    5345.41619453   -3871.70780940 -0.547744480  4.248065295  6.186812371  2017  1 26  3 10  0.000004 
   -2229.77945097    6653.38714494     364.84255732  1.108333280 -0.040420418  7.443376280  2017  1 26  3 20  0.000009 
   -1163.69123134    5299.80478623    4454.92642157  2.321768212 -4.314610824  5.715177031  2017  1 26  3 30  0.000013 
     367.94501648    1825.98151005    6758.13951787  2.606251840 -6.862650165  1.694003700  2017  1 26  3 40  0.000018 
    1751.94015148   -2378.43360939    6347.44465309  1.845677527 -6.663398729 -3.018736842  2017  1 26  3 49 59.999982 
    2430.89142560   -5624.74656421    3377.86993293  0.336704371 -3.775542460 -6.535392617  2017  1 26  3 59 59.999987 
    2127.08772044   -6596.62329565    -959.71663205 -1.314104681  0.650936459 -7.413306489  2017  1 26  4  9 59.999991 
     962.32724398   -4898.72908347   -4908.47679964 -2.431138471  4.806507603 -5.287468400  2017  1 26  4 19 59.999996 
    -590.82381408   -1225.62035549   -6875.49427022 -2.565156791  7.007398343 -1.044350651  2017  1 26  4 30  0.000000 
   -1907.76187049    2939.88164657   -6080.93303192 -1.672533546  6.395500405  3.598518319  2017  1 26  4 40  0.000004 
   -2462.44438480    5930.83127671   -2850.16272136 -0.111991292  3.227785857  6.796355421  2017  1 26  4 50  0.000009 
   -2032.69085191    6550.60980828    1522.67568914  1.494961008 -1.234257661  7.272023756  2017  1 26  5  0  0.000013 
    -789.74568787    4549.75456261    5284.72611919  2.504167708 -5.203326618  4.831237667  2017  1 26  5 10  0.000018 
     769.12969785     728.66875763    6926.82726279  2.511381489 -7.091238275  0.450288959  2017  1 26  5 19 59.999982 
    2019.34350962   -3383.46449560    5785.10710605  1.509645079 -6.136591785 -4.126945534  2017  1 26  5 29 59.999987 
    2455.83801260   -6131.35884133    2308.11471917 -0.107122640 -2.698569079 -7.057655577  2017  1 26  5 39 59.999991 
    1898.70569989   -6398.20487618   -2104.41366439 -1.684497559  1.840045817 -7.131769598  2017  1 26  5 49 59.999996 
     573.43992642   -4077.15712973   -5664.66109339 -2.577220294  5.621649487 -4.321207472  2017  1 26  6  0  0.000000 
    -983.19196658    -114.36667235   -6941.14605295 -2.430852526  7.125805797  0.210523363  2017  1 26  6 10  0.000004 
   -2146.72202841    3895.26773028   -5432.56087199 -1.313201258  5.775927895  4.641905731  2017  1 26  6 20  0.000009 
   -2452.53584705    6348.52496422   -1747.84097168  0.329556236  2.116929480  7.213434705  2017  1 26  6 30  0.000013 
   -1777.64119420    6263.03524198    2637.31257664  1.842040921 -2.392341524  6.894396616  2017  1 26  6 40  0.000018 
    -391.56255572    3671.89704496    5964.63739933  2.617643921 -5.944580294  3.810206200  2017  1 26  6 49 59.999982 
    1151.09996519    -388.39639994    6898.68235210  2.345501875 -7.119306863 -0.807478515  2017  1 26  6 59 59.999987 
    2231.44128271   -4291.54842042    5057.48499906  1.128564208 -5.434758837 -5.118984511  2017  1 26  7  9 59.999991 
    2411.42834718   -6462.40677943    1172.06888838 -0.550828072 -1.544470393 -7.377575899  2017  1 26  7 19 59.999996 
    1615.29554077   -6017.22465696   -3188.71180009 -2.009030284  2.974521341 -6.645892330  2017  1 26  7 30  0.000000 
     166.18869779   -3140.48660473   -6259.20140451 -2.651473904  6.275198529 -3.233497762  2017  1 26  7 40  0.000004 
   -1350.32825134     999.22676947   -6809.88150687 -2.227995704  7.042965010  1.458114078  2017  1 26  7 50  0.000009 
   -2327.13653169    4740.12367103   -4630.33102605 -0.915111533  4.994027187  5.553901664  2017  1 26  8  0  0.000013 
   -2374.03886652    6586.79570228    -595.97120994  0.764569461  0.946900416  7.426088792  2017  1 26  8 10  0.000018 
   -1471.42571304    5798.92880471    3677.13837347  2.139612628 -3.481941693  6.321237840  2017  1 26  8 19 59.999982 
      19.86594196    2691.08792724    6475.34636310  2.658614416 -6.517650773  2.680813580  2017  1 26  8 29 59.999987 
    1503.00244925   -1493.60252372    6674.27589279  2.112643130 -6.945764507 -2.043862063  2017  1 26  8 39 59.999991 
    2381.82917643   -5076.74566866    4185.12701930  0.712818508 -4.577513637 -5.965991115  2017  1 26  8 49 59.999996 
    2298.47475745   -6608.46274547       2.33662145 -0.981631629 -0.346742150 -7.485587021  2017  1 26  9  0  0.000000 
    1284.61348197   -5464.91179166   -4181.59374440 -2.278254941  4.021759712 -5.970259258  2017  1 26  9 10  0.000004 
    -248.06411357   -2115.56616864   -6675.45309616 -2.651661466  6.749395353 -2.055660717  2017  1 26  9 20  0.000009 
   -1681.84810740    2083.74775033   -6485.59893887 -1.961905917  6.761703208  2.663497578  2017  1 26  9 30  0.000013 
   -2443.61457940    5450.70777870   -3696.94592887 -0.489081998  4.071789544  6.308777082  2017  1 26  9 40  0.000018 
   -2228.73127635    6639.01883124     572.79317705  1.180802113 -0.249166968  7.428168474  2017  1 26  9 49 59.999982 
   -1122.31331665    5171.53757323    4612.66477654  2.379065831 -4.472356507  5.568832406  2017  1 26  9 59 59.999987 
     433.10742631    1635.06220445    6802.29295046  2.625460326 -6.906495584  1.474760292  2017  1 26 10  9 59.999991 
    1814.72886425   -2555.61524704    6259.72395700  1.818723521 -6.575093487 -3.223816030  2017  1 26 10 19 59.999996 
    2465.79935749   -5716.57533974    3192.81464090  0.273947084 -3.589138560 -6.643073290  2017  1 26 10 30  0.000000 
    2119.77203640   -6565.47828582   -1167.47177010 -1.387036053  0.859762711 -7.378493325  2017  1 26 10 40  0.000004 
     915.79073012   -4757.39519464   -5054.77323385 -2.484351602  4.951991249 -5.124955148  2017  1 26 10 50  0.000009 
    -657.73329333   -1031.61668476   -6901.87843705 -2.577595195  7.031656746 -0.821260978  2017  1 26 11  0  0.000013 
   -1968.30382332    3108.66557936   -5977.59557493 -1.639628816  6.290237279  3.792972058  2017  1 26 11 10  0.000018 
   -2492.51085195    6007.05651003   -2658.81705552 -0.046805587  3.035174291  6.885115657  2017  1 26 11 19 59.999982 
   -2020.27830589    6503.83993524    1725.30534712  1.566452017 -1.437382001  7.219549198  2017  1 26 11 29 59.999987 
    -739.82082246    4398.70163211    5417.36136989  2.553380927 -5.335775149  4.658491343  2017  1 26 11 39 59.999991 
     836.59874350     533.66736906    6936.07169555  2.518570546 -7.100140096  0.225873757  2017  1 26 11 49 59.999996 
    2077.20504908   -3544.25006575    5666.55343019  1.471436770 -6.017314485 -4.313619867  2017  1 26 12  0  0.000000 
    2480.50222955   -6192.69898986    2108.87117352 -0.175673628 -2.497946268 -7.130157378  2017  1 26 12 10  0.000004 
    1880.02699178   -6334.90619241   -2303.75347232 -1.755237008  2.039974549 -7.059590532  2017  1 26 12 20  0.000009 
     519.06555651   -3915.18775166   -5783.50341391 -2.621340162  5.739132702 -4.134835568  2017  1 26 12 30  0.000013 
   -1051.32900896      80.60090472   -6932.32514482 -2.431112411  7.114796799  0.434828559  2017  1 26 12 40  0.000018 
   -2201.44470157    4045.16129463   -5300.30780028 -1.269772991  5.641966410  4.814914464  2017  1 26 12 49 59.999982 
   -2472.04354122    6393.55290897   -1545.33485811  0.399460309  1.913425106  7.266468217  2017  1 26 12 59 59.999987 
   -1754.14123393    6185.21240962    2828.87383855  1.910512661 -2.584104756  6.806141833  2017  1 26 13  9 59.999991 
    -334.45299350    3502.33904701    6068.39530561  2.657316595 -6.048025075  3.615903456  2017  1 26 13 19 59.999996 
    1218.95993082    -581.95512090    6872.69780181  2.340344495 -7.092952573 -1.030762981  2017  1 26 13 30  0.000000 
    2282.65961111   -4431.32931345    4911.41992059  1.080090536 -5.287820295 -5.281827566  2017  1 26 13 40  0.000004 
    2425.05496669   -6491.48991570     964.34650203 -0.623197606 -1.335463809 -7.412711997  2017  1 26 13 50  0.000009 
    1585.72538810   -5923.64205341   -3373.92548751 -2.075506281  3.159753460 -6.538528386  2017  1 26 14  0  0.000013 
     105.48708190   -2962.55023623   -6347.26056205 -2.685221235  6.361469014 -3.028679422  2017  1 26 14 10  0.000018 
   -1417.76882266    1189.64171256   -6766.15937724 -2.216009520  6.997119639  1.677344014  2017  1 26 14 19 59.999982 
   -2374.44961168    4866.91630122   -4472.91867122 -0.862309520  4.835153725  5.700612207  2017  1 26 14 29 59.999987 
   -2382.36161778    6599.37752295    -388.04563393  0.837235858  0.738261202  7.441880944  2017  1 26 14 39 59.999991 
   -1437.43275278    5692.27773457    3852.19712171  2.203098319 -3.656939893  6.199700581  2017  1 26 14 49 59.999996 
      82.58337452    2507.82368762    6547.26135293  2.687544004 -6.589191651  2.470390912  2017  1 26 15  0  0.000000 
    1569.30650701   -1680.22274437    6613.73457342  2.095155626 -6.884811964 -2.259705689  2017  1 26 15 10  0.000004 
    2424.86400884   -5191.50122444    4015.67654858  0.655390100 -4.407057554 -6.100214086  2017  1 26 15 20  0.000009 
    2300.58983129   -6604.46159639    -207.89884032 -1.055712670 -0.135460827 -7.482294694  2017  1 26 15 30  0.000013 
    1244.94197201   -5343.78953866   -4347.39576781 -2.338527535  4.186977550 -5.830928507  2017  1 26 15 40  0.000018 
    -313.39850836   -1926.76244958   -6730.28884224 -2.674050535  6.802159472 -1.838275397  2017  1 26 15 49 59.999982 
   -1746.67750117    2264.23833707   -6408.25643501 -1.937940490  6.682400751  2.871524952  2017  1 26 15 59 59.999987 
   -2482.12575669    5550.84113791   -3518.83761901 -0.428331207  3.892485728  6.425056358  2017  1 26 16  9 59.999991 
   -2225.55720750    6618.82388037     780.24203644  1.254180168 -0.457034721  7.406262200  2017  1 26 16 19 59.999996 
   -1078.72410168    5039.09407255    4766.25307730  2.435729027 -4.625673095  5.417442570  2017  1 26 16 30  0.000000 
     499.68326245    1443.27616783    6840.28975852  2.642730781 -6.944108979  1.254100821  2017  1 26 16 40  0.000004 
    1877.55391710   -2729.98243881    6166.27866847  1.789274631 -6.481168193 -3.426066130  2017  1 26 16 50  0.000009 
    2499.33509458   -5802.99571903    3004.79637391  0.209163832 -3.400037311 -6.744686236  2017  1 26 17  0  0.000013 
    2110.23794632   -6528.53375043   -1374.17870326 -1.460659811  1.067137099 -7.336876258  2017  1 26 17 10  0.000018 
     867.10215457   -4612.26321014   -5196.45707333 -2.536669377  5.092517649 -4.957791453  2017  1 26 17 19 59.999982 
    -725.86960552    -837.32847820   -6921.99927658 -2.587955173  7.049579051 -0.597484848  2017  1 26 17 29 59.999987 
   -2028.66922140    3274.15088261   -5868.85267267 -1.604281662  6.179765439  3.983987080  2017  1 26 17 39 59.999991 
   -2521.06715026    6077.72444271   -2465.06027690  0.020229304  2.840500410  6.967672007  2017  1 26 17 49 59.999996 
   -2005.62106798    6451.46506009    1926.39373132  1.638456716 -1.638597272  7.160560686  2017  1 26 18  0  0.000000 
    -687.81086026    4244.22513351    5545.11589782  2.601566048 -5.463113953  4.481506475  2017  1 26 18 10  0.000004 
     905.15768670     338.78767729    6939.02377722  2.523579459 -7.102728856  0.001156266  2017  1 26 18 20  0.000009 
    2134.70752951   -3701.38126835    5542.79967858  1.430748103 -5.892985370 -4.496450778  2017  1 26 18 30  0.000013 
    2503.49091626   -6248.28913944    1907.65735983 -0.245967946 -2.295664671 -7.196112582  2017  1 26 18 40  0.000018 
    1859.04760995   -6266.12222487   -2500.99794654 -1.826245140  2.237393544 -6.980914115  2017  1 26 18 49 59.999982 
     462.70577968   -3750.25017391   -5897.07411760 -2.664187736  5.851059005 -3.944741509  2017  1 26 18 59 59.999987 
   -1120.35038944     274.85954705   -6917.22170468 -2.429101472  7.097514416  0.658690196  2017  1 26 19  9 59.999991 
   -2255.60675975    4190.98941828   -5163.26191207 -1.223961425  5.503463397  4.983573979  2017  1 26 19 19 59.999996 
   -2489.76646490    6432.78136484   -1341.42088826  0.470919386  1.708882656  7.312952912  2017  1 26 19 30  0.000000 
   -1728.34168281    6102.16400412    3017.89769744  1.979085845 -2.772984632  6.711740705  2017  1 26 19 40  0.000004 
    -275.44539705    3330.20599588    6166.67781193  2.695593440 -6.145821261  3.418285004  2017  1 26 19 50  0.000009 
    1287.55164984    -774.40485005    6840.46164182  2.332824470 -7.060377129 -1.253220063  2017  1 26 20  0  0.000013 
    2333.13073272   -4566.71763934    4760.83119702  1.029226510 -5.136550339 -5.439912494  2017  1 26 20 10  0.000018 
    2436.75128815   -6514.64974141     755.70661414 -0.696972423 -1.125893432 -7.441019332  2017  1 26 20 19 59.999982 
    1553.83997319   -5825.04859755   -3556.06032966 -2.141820973  3.341500324 -6.425168482  2017  1 26 20 29 59.999987 
      43.02409241   -2782.55654942   -6429.54280913 -2.717356890  6.441749924 -2.821163451  2017  1 26 20 39 59.999991 
   -1485.72472408    1378.37807743   -6716.31182454 -2.201622528  6.945235438  1.895019478  2017  1 26 20 49 59.999996 
   -2420.83184718    4988.99192554   -4311.46000424 -0.807251560  4.672530856  5.842182415  2017  1 26 21  0  0.000000 
   -2388.67476805    6606.08141091    -179.75525161  0.911116270  0.529637542  7.450963704  2017  1 26 21 10  0.000004 
   -1401.15109530    5580.92728027    4023.79360988  2.266268179 -3.828163870  6.072556080  2017  1 26 21 20  0.000009 
     146.95568624    2322.90532186    6613.25861338  2.714746030 -6.654699899  2.257667087  2017  1 26 21 30  0.000013 
    1635.95948245   -1864.77505392    6547.15911508  2.075189372 -6.817903307 -2.473605297  2017  1 26 21 40  0.000018 
    2466.78267879   -5301.25035355    3842.51275392  0.595735725 -4.233125396 -6.228894248  2017  1 26 21 49 59.999982 
    2300.57645143   -6594.53814362    -417.97088890 -1.130816880  0.075268959 -7.472099669  2017  1 26 21 59 59.999987 
    1203.00839787   -5218.27557638   -4509.22820805 -2.398215851  4.347847464 -5.686278419  2017  1 26 22  9 59.999991 
    -380.21936473   -1736.86631353   -6779.00878027 -2.694534538  6.848676017 -1.619282062  2017  1 26 22 19 59.999996 
   -1811.63686514    2442.13096457   -6325.11672630 -1.911510500  6.597457978  3.076933891  2017  1 26 22 30  0.000000 
   -2519.36036133    5645.73918619   -3337.54284678 -0.365517398  3.710329016  6.535545788  2017  1 26 22 40  0.000004 
   -2220.20526498    6592.83846110     987.00225823  1.328394267 -0.663834383  7.377675427  2017  1 26 22 50  0.000009 
   -1032.92292396    4902.60904344    4915.55122137  2.491665683 -4.774432204  5.261139708  2017  1 26 23  0  0.000013 
     567.62105413    1250.80420191    6872.09126005  2.657987328 -6.975469945  1.032220607  2017  1 26 23 10  0.000018 
    1940.33127293   -2901.37816030    6067.18906986  1.757302611 -6.381721510 -3.625298713  2017  1 26 23 19 59.999982 
    2531.41647430   -5883.93960362    2813.98635385  0.142389363 -3.208427208 -6.840129741  2017  1 26 23 29 59.999987 
    2098.43998562   -6485.84243137   -1579.64623513 -1.534893523  1.272861907 -7.288493861  2017  1 26 23 39 59.999991 
     816.27057031   -4463.48353228   -5333.39897576 -2.587999219  5.227971160 -4.786135110  2017  1 26 23 49 59.999996 
    -795.17434211    -642.93902882   -6935.83960296 -2.596169839  7.061173011 -0.373224653  2017  1 27  0  0  0.000000 
   -2088.77356091    3436.19404668   -5754.80239491 -1.566474851  6.064204773  4.171393451  2017  1 27  0 10  0.000004 
   -2548.03575626    6142.78651604   -2269.06644819  0.089073470  2.643950519  7.043949742  2017  1 27  0 20  0.000009 
   -1988.67939490    6393.55044516    2125.75936420  1.710893456 -1.837723587  7.095109057  2017  1 27  0 30  0.000013 
    -633.72974578    4086.47803440    5667.87215139  2.648631695 -5.585239988  4.300437778  2017  1 27  0 40  0.000018 
     974.74366384     144.21117675    6935.67598576  2.526342135 -7.099015662 -0.223662640  2017  1 27  0 49 59.999982 
    2191.76355819   -3854.71891433    5413.95463289  1.387567067 -5.763731578 -4.675264804  2017  1 27  0 59 59.999987 
    2524.72853803   -6298.09189401    1704.65786818 -0.317955334 -2.091924663 -7.255453553  2017  1 27  1  9 59.999991 
    1835.73568609   -6191.93580095   -2695.96483047 -1.897432720  2.432119146 -6.895815382  2017  1 27  1 19 59.999996 
     404.38412069   -3582.51054299   -6005.27025555 -2.705674042  5.957343738 -3.751102734  2017  1 27  1 30  0.000000 
   -1190.18784747     468.22978218   -6895.85027491 -2.424764085  7.073998456  0.881907429  2017  1 27  1 40  0.000004 
   -2309.12202926    4332.62937152   -5021.54646911 -1.175764590  5.360561832  5.147734000  2017  1 27  1 50  0.000009 
   -2505.63439576    6466.19163553   -1136.28237754  0.543880006  1.503494379  7.352845967  2017  1 27  2  0  0.000013 
   -1700.21621953    6013.98249290    3204.21311842  2.047672655 -2.958815701  6.611275337  2017  1 27  2 10  0.000018 
    -214.56802631    3155.66486989    6259.39314377  2.732386312 -6.237893668  3.217524028  2017  1 27  2 19 59.999982 
    1356.80257325    -965.56838158    6801.99799570  2.322887628 -7.021623338 -1.474648363  2017  1 27  2 29 59.999987 
    2382.76653621   -4697.59630960    4605.85331862  0.975977072 -4.981101714 -5.593086474  2017  1 27  2 39 59.999991 
    2446.45075457   -6531.88091874     546.34159073 -0.772088436 -0.915964950 -7.462467160  2017  1 27  2 49 59.999996 
    1519.62190015   -5721.55449609   -3734.94851793 -2.207881201  3.519598320 -6.305921069  2017  1 27  3  0  0.000000 
     -21.16301275   -2600.68241034   -6505.97423017 -2.747797854  6.515989193 -2.611141242  2017  1 27  3 10  0.000004 
   -1554.11973933    1565.26514183   -6660.38447475 -2.184791855  6.887382700  2.110946243  2017  1 27  3 20  0.000009 
   -2466.19783779    5106.25193157   -4146.10006970 -0.749951151  4.506320903  5.978485693  2017  1 27  3 30  0.000013 
   -2392.91744558    6606.91902810      28.71248727  0.986145186  0.321222173  7.453327436  2017  1 27  3 40  0.000018 
   -1362.56865214    5464.99447773    4191.77196815  2.329030661 -3.995467092  5.939915231  2017  1 27  3 49 59.999982 
     212.94098717    2136.50927924    6673.27471229  2.740138036 -6.714130037  2.042829400  2017  1 27  3 59 59.999987 
    1702.88117280   -2047.09149512    6474.60496308  2.052704023 -6.745112588 -2.685364257  2017  1 27  4  9 59.999991 
    2507.49906481   -5405.90179815    3665.79216675  0.533877387 -4.055891567 -6.351904840  2017  1 27  4 19 59.999996 
    2298.37908222   -6578.71939029    -627.68530314 -1.206868547  0.285243189 -7.455009407  2017  1 27  4 30  0.000000 
    1158.81025737   -5088.50391952   -4666.94263644 -2.457225651  4.504230855 -5.536446634  2017  1 27  4 40  0.000004 
    -448.47678772   -1546.06015612   -6821.56977265 -2.713038549  6.888926064 -1.398880390  2017  1 27  4 50  0.000009 
   -1876.64414259    2617.26829514   -6236.25509928 -1.882587051  6.506973525  3.279541624  2017  1 27  5  0  0.000013 
   -2555.23621040    5735.33012892   -3153.22443451 -0.300669294  3.525496757  6.640146007  2017  1 27  5 10  0.000018 
   -2212.62571311    6561.10422579    1192.88749752  1.403368708 -0.869378232  7.342431969  2017  1 27  5 19 59.999982 
    -984.91234649    4762.22080053    5060.42278183  2.546783026 -4.918510041  5.100060318  2017  1 27  5 29 59.999987 
     636.86635175    1057.82744710    6897.66422788  2.671155571 -7.000563929  0.809316467  2017  1 27  5 39 59.999991 
    2002.97538794   -3069.64853528    5962.54075284  1.722782514 -6.276857551 -3.821327465  2017  1 27  5 49 59.999996 
    2561.96204372   -5959.34459018    2620.55867551  0.073662192 -3.014499297 -6.929307922  2017  1 27  6  0  0.000000 
    2084.33530429   -6437.46284766   -1783.68429151 -1.609652443  1.476741784 -7.233391501  2017  1 27  6 10  0.000004 
     763.30834681   -4311.20972337   -5465.47408981 -2.638248538  5.358241978 -4.610147895  2017  1 27  6 20  0.000009 
    -865.58639084    -448.63105759   -6943.38792309 -2.602174264  7.066452516 -0.148682855  2017  1 27  6 30  0.000013 
   -2148.53123300    3594.65537012   -5635.54752372 -1.526194375  5.943679562  4.355024457  2017  1 27  6 40  0.000018 
   -2573.34007630    6202.19973010   -2071.01165948  0.159683673  2.445712155  7.113879618  2017  1 27  6 49 59.999982 
   -1969.41615654    6330.16651253    2323.22220340  1.783678498 -2.034583572  7.023250792  2017  1 27  6 59 59.999987 
    -577.59471228    3925.61609383    5785.51688122  2.694486394 -5.702055299  4.115443616  2017  1 27  7  9 59.999991 
    1045.29110803     -49.88122872    6926.02642255  2.526794513 -7.089017546 -0.448381457  2017  1 27  7 19 59.999996 
    2248.28478383   -4004.12778560    5280.13197137  1.341885258 -5.629685222 -4.849891646  2017  1 27  7 30  0.000000 
    2544.14085366   -6342.07586055    1500.05919206 -0.391581978 -1.886927961 -7.308119131  2017  1 27  7 40  0.000004 
    1810.06229058   -6112.43505431   -2888.47402656 -1.968708794  2.623971262 -6.804375716  2017  1 27  7 50  0.000009 
     344.12737999   -3412.13721261   -6107.99391437 -2.745710673  6.057908439 -3.554099624  2017  1 27  8  0  0.000013 
   -1260.77076110     660.53365393   -6868.23102773 -2.418046999  7.044294558  1.104280274  2017  1 27  8 10  0.000018 
   -2361.90375596    4469.96286916   -4875.28888258 -1.125183900  5.213408384  5.307248187  2017  1 27  8 19 59.999982 
   -2519.57855524    6493.77069765    -930.10378450  0.618285587  1.297452760  7.386110325  2017  1 27  8 29 59.999987 
   -1669.74143317    5920.76503926    3387.65136076  2.116183666 -3.141435869  6.504833119  2017  1 27  8 39 59.999991 
    -151.85240376    2978.88460671    6346.45434719  2.767607540 -6.324172571  3.013796645  2017  1 27  8 49 59.999996 
    1426.63780915   -1155.27003178    6757.33663925  2.310482342 -6.976739884 -1.694846770  2017  1 27  9  0  0.000000 
    2431.47854022   -4823.85293904    4446.62509451  0.920350960 -4.821631454 -5.741200888  2017  1 27  9 10  0.000004 
    2454.08864250   -6543.18422097     336.44465031 -0.848478350 -0.705884082 -7.477031594  2017  1 27  9 20  0.000009 
    1483.05694001   -5613.27461591   -3910.42534941 -2.273592699  3.693888419 -6.180900254  2017  1 27  9 30  0.000013 
     -87.03382944   -2417.10590184   -6576.48632435 -2.776462219  6.584141091 -2.398806081  2017  1 27  9 40  0.000018 
   -1622.87569561    1750.13458567   -6598.42837851 -2.165477373  6.823637123  2.324931823  2017  1 27  9 49 59.999982 
   -2510.46214669    5218.60266932   -3976.98739050 -0.690425249  4.336689079  6.109400035  2017  1 27  9 59 59.999987 
   -2395.03069671    6601.90766549     237.16990507  1.062254270  0.113207062  7.448968390  2017  1 27 10  9 59.999991 
   -1321.67646292    5344.60047115    4355.97941340  2.391293130 -4.158707112  5.801893729  2017  1 27 10 19 59.999996 
     280.49424161    1948.81308628    6727.25143998  2.763638604 -6.767442301  1.826067313  2017  1 27 10 30  0.000000 
    1769.98947101   -2227.00654725    6396.13309416  2.027662235 -6.666519564 -2.894787211  2017  1 27 10 40  0.000004 
    2546.92728364   -5505.36961237    3485.67490201  0.469840936 -3.875533878 -6.469124265  2017  1 27 10 50  0.000009 
    2293.94449763   -6557.03834803    -836.84809859 -1.283789214  0.494259161 -7.431038319  2017  1 27 11  0  0.000013 
    1112.34834492   -4954.61245398   -4820.39455244 -2.515462216  4.655994498 -5.381575573  2017  1 27 11 10  0.000018 
    -518.11794913   -1354.52659226   -6857.93431326 -2.729489248  6.922896982 -1.177270930  2017  1 27 11 19 59.999982 
   -1941.61577874    2789.49620429   -6141.75192564 -1.851144294  6.411050905  3.479167948  2017  1 27 11 29 59.999987 
   -2589.67163262    5819.54751793   -2966.04791918 -0.233819052  3.338168305  6.738762778  2017  1 27 11 39 59.999991 
   -2202.77115553    6523.66825528    1397.71210102  1.479025346 -1.073480303  7.300561463  2017  1 27 11 49 59.999996 
    -934.69819300    4618.07107390    5200.73512674  2.600987747 -5.057787497  4.934345100  2017  1 27 12  0  0.000000 
     707.36176749     864.52720549    6916.98093494  2.682162721 -7.019382257  0.585586560  2017  1 27 12 10  0.000004 
    2065.39932061   -3234.64299771    5852.42456164  1.685692788 -6.166685801 -4.013968376  2017  1 27 12 20  0.000009 
    2590.89119343   -6029.15404043    2424.69014192  0.003024585 -2.818446948 -7.012130870  2017  1 27 12 30  0.000013 
    2067.88375790   -6383.45921481   -1986.10411505 -1.684849627  1.678583991 -7.171621280  2017  1 27 12 40  0.000018 
     708.23118263   -4155.59832305   -5592.56216639 -2.687324864  5.483226222 -4.429995374  2017  1 27 12 49 59.999982 
    -937.04199517    -254.58652889   -6944.63843502 -2.605905583  7.065437538  0.075938186  2017  1 27 12 59 59.999987 
   -2207.85563213    3749.39908472   -5511.19546075 -1.483429499  5.818318344  4.534716724  2017  1 27 13  9 59.999991 
   -2596.90456473    6255.92667009   -1871.07387713  0.232013370  2.245973905  7.177397926  2017  1 27 13 19 59.999996 
   -1947.79691826    6261.38876246    2518.60379567  1.856726103 -2.229002524  6.945047968  2017  1 27 13 30  0.000000 
    -519.42629800    3761.79770861    5897.94124230  2.739038702 -5.813467093  3.926685894  2017  1 27 13 40  0.000004 
    1116.73180962    -243.30940455    6910.07883387  2.524874681 -7.072757466 -0.672798209  2017  1 27 13 50  0.000009 
    2304.18201831   -4149.47678174    5141.45018159  1.293697952 -5.490983266 -5.020164364  2017  1 27 14  0  0.000013 
    2561.65504436   -6380.21568175    1294.04954438 -0.466790558 -1.680877375 -7.354054730  2017  1 27 14 10  0.000018 
    1782.00150428   -6027.71330833   -3078.34777708 -2.039980807  2.812773577 -6.706682741  2017  1 27 14 19 59.999982 
     281.96562589   -3239.30055221   -6205.15229666 -2.784209916  6.152680885 -3.353915307  2017  1 27 14 29 59.999987 
   -1332.02622221     851.59489606   -6834.38973733 -2.408899438  7.008454103  1.325609771  2017  1 27 14 39 59.999991 
   -2413.86472073    4602.87617306   -4724.62060079 -1.072224192  5.062153255  5.461974259  2017  1 27 14 49 59.999996 
   -2531.53172139    6515.51119773    -723.07055272  0.694076470  1.090950337  7.412714726  2017  1 27 15  0  0.000000 
   -1636.89689022    5822.61339717    3568.04612228  2.184527946 -3.320686536  6.392506657  2017  1 27 15 10  0.000004 
     -87.33331052    2800.03593837    6427.77937272  2.801170054 -6.404593765  2.807281778  2017  1 27 15 20  0.000009 
    1496.98020211   -1343.33581490    6706.51299613  2.295559642 -6.925781307 -1.913614637  2017  1 27 15 30  0.000013 
    2479.17802373   -4945.37997038    4283.28953547  0.862360750 -4.658300735 -5.884111504  2017  1 27 15 40  0.000018 
    2459.60218097   -6548.56652492     126.20966740 -0.926071739 -0.495856315 -7.484695656  2017  1 27 15 49 59.999982 
    1444.13408157   -5500.32833743   -4082.32938719 -2.338860231  3.864216337 -6.050225652  2017  1 27 15 59 59.999987 
    -154.54483545   -2232.00612840   -6641.01605642 -2.803269306  6.646166221 -2.184352958  2017  1 27 16  9 59.999991 
   -1691.91255282    1932.82065014   -6530.49995862 -2.143641773  6.754079706  2.536785623  2017  1 27 16 19 59.999996 
   -2553.53941997    5325.95552777   -3804.27383953 -0.628694287  4.163803319  6.234808118  2017  1 27 16 30  0.000000 
   -2394.95759042    6591.07021097     445.42925736  1.139372426 -0.094216777  7.437888698  2017  1 27 16 40  0.000004 
   -1278.46874490    5219.87038663    4516.26638203  2.452961979 -4.317745687  5.658611973  2017  1 27 16 50  0.000009 
     349.56729251    1759.99517400    6775.13587278  2.785167492 -6.814602690  1.607572316  2017  1 27 17  0  0.000013 
    1837.20046249   -2404.35729484    6311.80998466  2.000029780 -6.582209645 -3.101680259  2017  1 27 17 10  0.000018 
    2584.98182481   -5599.57325918    3302.32451259  0.403656081 -3.692233350 -6.580436251  2017  1 27 17 19 59.999982 
    2287.22188600   -6529.53398813   -1045.26572692 -1.361497779  0.702115746 -7.400207752  2017  1 27 17 29 59.999987 
    1063.62678113   -4816.74276784   -4969.44351756 -2.572830474  4.803010665 -5.221812266  2017  1 27 17 39 59.999991 
    -589.08713377   -1162.44826506   -6888.07054864 -2.743815037  6.950582383 -0.954654921  2017  1 27 17 49 59.999996 
   -2006.46682182    2958.66392193   -6041.69258694 -1.817159491  6.309798392  3.675635369  2017  1 27 18  0  0.000000 
   -2622.58558850    5898.33030103   -2776.18141012 -0.165002257  3.148524836  6.831307069  2017  1 27 18 10  0.000004 
   -2190.59662824    6480.58299862    1601.29126695  1.555283670 -1.275956553  7.252099344  2017  1 27 18 20  0.000009 
    -882.28957903    4470.30486561    5336.35953670  2.654186120 -5.192150252  4.764138859  2017  1 27 18 30  0.000013 
     779.04701967     671.08476469    6930.01919544  2.690937724 -7.031922146  0.361230246  2017  1 27 18 40  0.000018 
    2127.51484394   -3396.21445056    5736.93653119  1.646015359 -6.051321033 -4.203039935  2017  1 27 18 49 59.999982 
    2618.12429119   -6093.31714521    2226.56009284 -0.069477469 -2.620465632 -7.088514781  2017  1 27 18 59 59.999987 
    2049.04799490   -6323.90135682   -2186.71845760 -1.760396054  1.878198635 -7.103241966  2017  1 27 19  9 59.999991 
     651.05811331   -3996.80866293   -5714.54766461 -2.735135978  5.602826010 -4.245846717  2017  1 27 19 19 59.999996 
   -1009.47481781     -60.98646687   -6939.59102147 -2.607303097  7.058154062  0.300436385  2017  1 27 19 30  0.000000 
   -2266.65926623    3900.29347569   -5381.85813132 -1.438172814  5.688253775  4.710310352  2017  1 27 19 40  0.000004 
   -2618.65484142    6303.93552741   -1669.43279067  0.306012740  2.044925217  7.234446555  2017  1 27 19 50  0.000009 
   -1923.79002012    6187.29768689    2711.72743061  1.929948623 -2.420808569  6.860568204  2017  1 27 20  0  0.000013 
    -459.24835767    3595.18375602    6005.04089430  2.782197328 -5.919387818  3.734329936  2017  1 27 20 10  0.000018 
    1188.99498047    -435.89416216    6887.84262794  2.520523003 -7.050264297 -0.896710604  2017  1 27 20 19 59.999982 
    2359.36536108   -4290.63906283    4998.03246735  1.243004166 -5.347767409 -5.185919577  2017  1 27 20 29 59.999987 
    2577.19984133   -6412.49206136    1086.81866889 -0.543520301 -1.473976557 -7.393212425  2017  1 27 20 39 59.999991 
    1751.53048594   -5937.86895315   -3265.41084202 -2.111154741  2.998353749 -6.602830203  2017  1 27 20 49 59.999996 
     217.93218157   -3064.17275312   -6296.65779686 -2.821084874  6.241595116 -3.150735466  2017  1 27 21  0  0.000000 
   -1403.87911529    1041.23910331   -6794.35774738 -2.397273184  6.966534131  1.545698142  2017  1 27 21 10  0.000004 
   -2464.91735607    4731.26018857   -4569.67699497 -1.016893757  4.906950032  5.611774102  2017  1 27 21 20  0.000009 
   -2541.42834058    6531.41144382    -515.36895171  0.771189965  0.884179511  7.432633736  2017  1 27 21 30  0.000013 
   -1601.66519769    5719.63380110    3745.23368382  2.252613169 -3.496412739  6.274393698  2017  1 27 21 40  0.000018 
     -21.04877809    2619.29122454    6503.29115594  2.832987515 -6.479098615  2.598161036  2017  1 27 21 49 59.999982 
    1567.75041682   -1529.59361827    6649.56812867  2.278073334 -6.868807977 -2.130751953  2017  1 27 21 59 59.999987 
    2525.77615845   -5062.07479475    4115.99373013  0.802022892 -4.491274700 -6.021678667  2017  1 27 22  9 59.999991 
    2462.93066819   -6548.04079519     -84.16902516 -1.004795134 -0.286086639 -7.485449303  2017  1 27 22 19 59.999996 
    1402.84557788   -5382.83940317   -4250.50261591 -2.403587726  4.030432704 -5.914022233  2017  1 27 22 30  0.000000 
    -223.64942239   -2045.56302240   -6699.50590155 -2.828139778  6.702031512 -1.967978373  2017  1 27 22 40  0.000004 
   -1761.14849573    2113.16029295   -6456.66095356 -2.119250650  6.678796642  2.746319089  2017  1 27 22 50  0.000009 
   -2595.34450676    5428.22700640   -3628.11450862 -0.564782181  3.987834116  6.354597399  2017  1 27 23  0  0.000013 
   -2392.64332085    6574.43511191     653.30289389  1.217425865 -0.300859466  7.420096377  2017  1 27 23 10  0.000018 
   -1232.94293898    5090.93320263    4672.48666003  2.513942743 -4.472448896  5.510194980  2017  1 27 23 19 59.999982 
     420.10889018    1570.23470452    6816.88043275  2.804645761 -6.855582995  1.387537791  2017  1 27 23 29 59.999987 
    1904.42852645   -2578.98359765    6221.70757216  1.969775636 -6.492273834 -3.305851147  2017  1 27 23 39 59.999991 
    2621.57768606   -5688.43770173    3115.90783746  0.335356387 -3.506174007 -6.685730018  2017  1 27 23 49 59.999996 
    2278.16295172   -6496.25118486   -1252.74527423 -1.439910604  0.908613642 -7.362545969  2017  1 28  0  0  0.000000 
    1012.65303719   -4675.03997748   -5113.95328564 -2.629235142  4.945157231 -5.057308168  2017  1 28  0 10  0.000004 
    -661.32578985    -970.00765593   -6911.95229406 -2.755946145  6.971982088 -0.731234109  2017  1 28  0 20  0.000009 
   -2071.11102622    3124.62416867   -5936.16739613 -1.780613076  6.203328890  3.868769239  2017  1 28  0 30  0.000013 
   -2653.89779058    5971.62286625   -2583.79544427 -0.094257909  2.956749178  6.917695131  2017  1 28  0 40  0.000018 
   -2176.05969039    6431.90620783    1803.44120324  1.632060888 -1.476625038  7.197086814  2017  1 28  0 49 59.999982 
    -827.69893919    4319.07030388    5467.17131912  2.706284123 -5.321488863  4.589590391  2017  1 28  0 59 59.999987 
     851.85898190     477.68122052    6936.76240204  2.697411392 -7.038186721  0.136447936  2017  1 28  1  9 59.999991 
    2189.23256146   -3554.21942351    5616.17781851  1.603735715 -5.930883211 -4.388363330  2017  1 28  1 19 59.999996 
    2643.58281523   -6151.78898010    2026.35023156 -0.143794282 -2.420752678 -7.158382089  2017  1 28  1 30  0.000000 
    2027.79354023   -6258.86461092   -2385.34177020 -1.836200746  2.075398904 -7.028318918  2017  1 28  1 40  0.000004 
     591.81151467   -3835.00267952   -5831.31985177 -2.781590046  5.716949517 -4.057874498  2017  1 28  1 50  0.000009 
   -1082.81600757     131.98922482   -6928.25123842 -2.606308369  7.044634018  0.524610097  2017  1 28  2  0  0.000013 
   -2324.85386877    4047.21099725   -5247.65188527 -1.390420285  5.553622487  4.881649037  2017  1 28  2 10  0.000018 
   -2638.51780873    6346.20011505   -1466.26965848  0.381628716  1.842756218  7.284973033  2017  1 28  2 19 59.999982 
   -1897.36665333    6107.97867867    2902.41829218  2.003256605 -2.609832820  6.769884606  2017  1 28  2 29 59.999987 
    -397.08807049    3425.93743586    6106.71609770  2.823871257 -6.019735227  3.538544365  2017  1 28  2 39 59.999991 
    1262.00732327    -627.45743750    6859.33288756  2.513682240 -7.021572828 -1.119916204  2017  1 28  2 49 59.999996 
    2413.74432611   -4427.49218863    4850.00664957  1.189806711 -5.200183946 -5.346997651  2017  1 28  3  0  0.000000 
    2590.70565176   -6438.89178125     878.55764973 -0.621707049 -1.266429741 -7.425551032  2017  1 28  3 10  0.000004 
    1718.62953523   -5843.00531642   -3449.49067333 -2.182135246  3.180543617 -6.492917844  2017  1 28  3 20  0.000009 
     152.06360832   -2886.92763582   -6382.42807039 -2.856249597  6.324591456 -2.944748142  2017  1 28  3 30  0.000013 
   -1476.25219914    1229.29389855   -6748.17193426 -2.383122670  6.918597244  1.764348949  2017  1 28  3 40  0.000018 
   -2514.97386417    4855.01055760   -4410.59724079 -0.959204366  4.747955529  5.756513882  2017  1 28  3 49 59.999982 
   -2549.20463778    6541.47539175    -307.18591659  0.849560404  0.677332360  7.445847764  2017  1 28  3 59 59.999987 
   -1564.03206346    5611.93685278    3919.05304988  2.320345714 -3.668463283  6.150597048  2017  1 28  4  9 59.999991 
      46.95992427    2436.82428464    6572.91769462  2.862974437 -6.547634107  2.386618575  2017  1 28  4 19 59.999996 
    1638.86702604   -1713.87337740    6586.54872344  2.257980113 -6.805886056 -2.346059523  2017  1 28  4 30  0.000000 
    2571.18414259   -5173.83986631    3944.88871624  0.739357735 -4.320722289 -6.153767478  2017  1 28  4 40  0.000004 
    2464.01558568   -6541.62606019    -294.49683474 -1.084572105 -0.076779290 -7.479289458  2017  1 28  4 50  0.000009 
    1359.18698743   -5260.93576052   -4414.79059439 -2.467678412  4.192393211 -5.772420160  2017  1 28  5  0  0.000013 
    -294.29793232   -1857.95715006   -6751.90388508 -2.850995765  6.751710192 -1.749880152  2017  1 28  5 10  0.000018 
   -1830.50002863    2290.99333961   -6376.97835703 -2.092272572  6.597879207  2.953345848  2017  1 28  5 19 59.999982 
   -2635.79257998    5525.33878196   -3448.66757442 -0.498716340  3.808954345  6.468660208  2017  1 28  5 29 59.999987 
   -2388.03530795    6552.03633246     860.60341980  1.296338175 -0.506532442  7.395605319  2017  1 28  5 39 59.999991 
   -1185.09975198    4957.92161718    4824.49751077  2.574140216 -4.622687247  5.356772283  2017  1 28  5 49 59.999996 
     492.06472527    1379.71139680    6852.44294375  2.821995901 -6.890360826  1.166158871  2017  1 28  6  0  0.000000 
    1971.58644036   -2750.72825654    6125.90321260  1.936872096 -6.396808665 -3.507109455  2017  1 28  6 10  0.000004 
    2656.63050904   -5771.89348734    2926.59484651  0.264979275 -3.317542673 -6.784900435  2017  1 28  6 20  0.000009 
    2266.72201352   -6457.24065079   -1459.09465883 -1.518941623  1.113555627 -7.318088109  2017  1 28  6 30  0.000013 
     959.43795489   -4529.65255132   -5253.79192674 -2.684580862  5.082317785 -4.888218977  2017  1 28  6 40  0.000018 
    -734.77258324    -777.38689636   -6929.55904436 -2.765814738  6.987102072 -0.507210576  2017  1 28  6 49 59.999982 
   -2135.46095828    3287.23328909   -5825.27151473 -1.741488723  6.091759809  4.058397887  2017  1 28  6 59 59.999987 
   -2683.52882351    6039.37508071   -2389.06283965 -0.021628410  2.763025620  6.997848564  2017  1 28  7  9 59.999991 
   -2159.12051235    6377.70086772    2003.97928549  1.709272015 -1.675306079  7.135570806  2017  1 28  7 19 59.999996 
    -770.94205034    4164.51849428    5593.04992022  2.757187562 -5.445698852  4.410852379  2017  1 28  7 30  0.000000 
     925.73173679     284.49729917    6937.19955903  2.701516525 -7.038185024 -0.088559064  2017  1 28  7 40  0.000004 
    2250.46202564   -3708.51822547    5490.25462965  1.558842981 -5.805497391 -4.569762639  2017  1 28  7 50  0.000009 
    2667.18948679   -6204.53055431    1824.24444665 -0.219872509 -2.219507037 -7.221661580  2017  1 28  8  0  0.000013 
    2004.08887440   -6188.42972501   -2581.79039201 -1.912170897  2.270001287 -6.946923993  2017  1 28  8 10  0.000018 
     530.51710167   -3670.34472560   -5942.77289776 -2.826595751  5.825511036 -3.866254511  2017  1 28  8 19 59.999982 
   -1156.99426975     324.16194098   -6910.63029905 -2.602865325  7.024915205  0.748258287  2017  1 28  8 29 59.999987 
   -2382.35051264    4190.02838434   -5108.69739399 -1.340171288  5.414564947  5.048580193  2017  1 28  8 39 59.999991 
   -2656.42176759    6382.69987750   -1261.76715231  0.458805023  1.639657526  7.328930581  2017  1 28  8 49 59.999996 
   -1868.50093364    6023.52193628    3090.50360911  2.076558888 -2.795909521  6.673075706  2017  1 28  9  0  0.000000 
    -332.97594292    3254.22410853    6202.87180819  2.863969884 -6.114432453  3.339500987  2017  1 28  9 10  0.000004 
    1335.69310485    -817.82246830    6824.57037800  2.504297674 -6.986723750 -1.342212591  2017  1 28  9 20  0.000009 
    2467.22797096   -4559.91825264    4697.50506213  1.134112251 -5.048383630 -5.503242904  2017  1 28  9 30  0.000013 
    2602.10468315   -6459.40771051     669.45871882 -0.701283320 -1.058441490 -7.451036175  2017  1 28  9 40  0.000018 
    1683.28215130   -5743.23052817   -3630.41758550 -2.252825774  3.359179378 -6.377051272  2017  1 28  9 49 59.999982 
      84.39968379   -2707.74045542   -6462.38609792 -2.889619204  6.401616524 -2.736143542  2017  1 28  9 59 59.999987 
   -1549.06619208    1415.58909795   -6695.87466579 -2.366405062  6.864711515  1.981367245  2017  1 28 10  9 59.999991 
   -2563.94633585    4974.02774498   -4247.52419860 -0.899171292  4.585329624  5.896064152  2017  1 28 10 19 59.999996 
   -2554.79872539    6545.71262565     -98.70888838  0.929119200  0.470600457  7.452343085  2017  1 28 10 30  0.000000 
   -1523.98635283    5499.63740378    4089.34608818  2.387630783 -3.836690869  6.021224497  2017  1 28 10 40  0.000004 
     116.64830680    2252.81022738    6636.59212290  2.891046326 -6.610152893  2.172840974  2017  1 28 10 50  0.000009 
    1710.24660236   -1896.00724851    6517.50707210  2.235239671 -6.737087463 -2.559339147  2017  1 28 11  0  0.000013 
    2615.31333595   -5280.58281143    3770.12934644  0.674389546 -4.146816060 -6.280247979  2017  1 28 11 10  0.000018 
    2462.80070962   -6529.34738012    -504.57910832 -1.165323362  0.131862512 -7.466220016  2017  1 28 11 19 59.999982 
    1313.15721142   -5134.74940135   -4575.04260128 -2.531034959  4.349958751 -5.625554622  2017  1 28 11 29 59.999987 
    -366.43769805   -1669.36951905   -6798.16361656 -2.871760973  6.795181772 -1.530257259  2017  1 28 11 39 59.999991 
   -1899.88207320    2466.16263192   -6291.52435324 -2.062679157  6.511423643  3.157681858  2017  1 28 11 49 59.999996 
   -2674.79925738    5617.21776938   -3266.09416283 -0.430527669  3.627339097  6.576893838  2017  1 28 12  0  0.000000 
   -2381.08329596    6523.91330555    1067.14385624  1.376030398 -0.711048638  7.364435280  2017  1 28 12 10  0.000004 
   -1134.94319492    4820.97191155    4972.15980065  2.633458570 -4.768335789  5.198477837  2017  1 28 12 20  0.000009 
     565.37746694    1188.60535033    6881.78668397  2.837141965 -6.918919644  0.943632297  2017  1 28 12 30  0.000013 
    2038.58548835   -2919.43717811    6024.47963150  1.901294853 -6.295916129 -3.705266794  2017  1 28 12 40  0.000018 
    2690.05671541   -5849.87682551    2734.55847946  0.192566010 -3.126528746 -6.877848172  2017  1 28 12 49 59.999982 
    2252.85609900   -6412.55886438   -1664.12282825 -1.598502461  1.316746805 -7.266876148  2017  1 28 12 59 59.999987 
     903.99576182   -4380.73213033   -5388.83194601 -2.738772330  5.214381715 -4.714704450  2017  1 28 13  9 59.999991 
    -809.36345538    -584.76758204   -6940.87597967 -2.773355020  6.995954409 -0.282786557  2017  1 28 13 19 59.999996 
   -2199.42810394    3446.35137975   -5709.10486703 -1.699773391  5.975212936  4.244352756  2017  1 28 13 30  0.000000 
   -2711.40026392    6101.54232372   -2192.15854762  0.052840454  2.567539740  7.071694388  2017  1 28 13 40  0.000004 
   -2139.74196116    6318.03512082    2202.72421416  1.786829962 -1.871822426  7.067603951  2017  1 28 13 50  0.000009 
    -712.03805078    4006.80336881    5713.87903370  2.806802195 -5.564680792  4.228081276  2017  1 28 14  0  0.000013 
    1000.59663400      91.71317935    6931.32531113  2.703188041 -7.031932019 -0.313588708  2017  1 28 14 10  0.000018 
    2311.11185994   -3858.97509589    5359.27813958  1.511329995 -5.675293611 -4.747065033  2017  1 28 14 19 59.999982 
    2688.86840181   -6251.50885172    1620.42863045 -0.297655191 -2.016929035 -7.278288503  2017  1 28 14 29 59.999987 
    1977.90550897   -6112.68274851   -2775.88273492 -1.988212002  2.461825798 -6.859135454  2017  1 28 14 39 59.999991 
     467.20392241   -3503.00137971   -6048.80596396 -2.870062418  5.928431022 -3.671165567  2017  1 28 14 49 59.999996 
   -1231.93594036     515.35455088   -6886.74505293 -2.596920348  6.999041207  0.971180688  2017  1 28 15  0  0.000000 
   -2439.05972541    4328.62675860   -4965.11954511 -1.287428653  5.271225308  5.210955071  2017  1 28 15 10  0.000004 
   -2672.29653266    6413.41989510   -1056.10920093  0.537482217  1.435820066  7.366278147  2017  1 28 15 20  0.000009 
   -1837.16997124    5934.02236396    3275.81280449  2.149762706 -2.978876203  6.570225403  2017  1 28 15 30  0.000013 
    -266.94580813    3080.21113308    6293.41776674  2.902403138 -6.203408063  3.137374664  2017  1 28 15 40  0.000018 
    1409.97423383   -1006.81397059    6783.58155042  2.492317226 -6.945763632 -1.563397532  2017  1 28 15 49 59.999982 
    2519.72502823   -4687.80401289    4540.66444076  1.075931341 -4.892521523 -5.654503788  2017  1 28 15 59 59.999987 
    2611.33106558   -6474.03880648     459.71506068 -0.782178386 -0.850216429 -7.469640348  2017  1 28 16  9 59.999991 
    1645.47508693   -5638.65738014   -3808.02492192 -2.323128715  3.534101771 -6.255341817  2017  1 28 16 19 59.999996 
      14.98337613   -2526.78770770   -6536.46024374 -2.921110003  6.472623236 -2.525113849  2017  1 28 16 30  0.000000 
   -1622.23985988    1599.95687161   -6637.51375580 -2.347080344  6.804950384  2.196559729  2017  1 28 16 40  0.000004 
   -2611.74687064    5088.21712129   -4080.60428968 -0.836813333  4.419235107  6.030299952  2017  1 28 16 50  0.000009 
   -2558.15071040    6544.13833330     109.87434744  1.009794906  0.264174682  7.452111850  2017  1 28 17  0  0.000013 
   -1481.52014133    5382.85443393    4255.95766771  2.454372513 -4.000952227  5.886388731  2017  1 28 17 10  0.000018 
     187.96868060    2067.42528042    6694.25278142  2.917119803 -6.666613334  1.957017097  2017  1 28 17 19 59.999982 
    1781.80381427   -2075.82978114    6442.50104663  2.209814808 -6.662489822 -2.770393806  2017  1 28 17 29 59.999987 
    2658.07539619   -5382.21653226    3591.87414834  0.607146532 -3.969731998 -6.400995324  2017  1 28 17 39 59.999991 
    2459.23221925   -6511.23580673    -714.22133243 -1.246966854  0.339636823 -7.446251850  2017  1 28 17 49 59.999996 
    1264.75852573   -5004.41619618   -4731.11177769 -2.593559614  4.502995550 -5.473565665  2017  1 28 18  0  0.000000 
    -440.01308775   -1479.98138693   -6838.24431856 -2.890360799  6.832432008 -1.309309616  2017  1 28 18 10  0.000004 
   -1969.20806835    2638.51417114   -6200.37624885 -2.030445139  6.419531047  3.359145541  2017  1 28 18 20  0.000009 
   -2712.28072302    5703.79617743   -3080.55821108 -0.360250563  3.443165504  6.679200629  2017  1 28 18 30  0.000013 
   -2371.73944954    6490.11087971    1272.73780157  1.456421105 -0.914222655  7.326611867  2017  1 28 18 40  0.000018 
   -1082.48061761    4680.22381128    5115.33812182  2.691801475 -4.909274210  5.035449916  2017  1 28 18 49 59.999982 
     639.98680455     997.09687005    6904.88043421  2.850009697 -6.941248781  0.720156272  2017  1 28 18 59 59.999987 
    2105.33557313   -3084.95953734    5917.52486938  1.863023099 -6.189703596 -3.900136998  2017  1 28 19  9 59.999991 
    2721.77364277   -5922.32965869    2539.97448064  0.118161680 -2.933323981 -6.964479843  2017  1 28 19 19 59.999996 
    2236.52503572   -6362.26799006   -1867.63995426 -1.678502550  1.517994848 -7.208958839  2017  1 28 19 30  0.000000 
     846.34408189   -4228.43334578   -5518.95039715 -2.791714441  5.341244297 -4.536928210  2017  1 28 19 40  0.000004 
    -885.03168508    -392.33058864   -6945.89396625 -2.778503345  6.998557211 -0.058164274  2017  1 28 19 50  0.000009 
   -2262.92297871    3601.84241358   -5587.77205044 -1.655457387  5.853814295  4.426468526  2017  1 28 20  0  0.000013 
   -2737.43479980    6158.08551476   -1993.25950279  0.129099542  2.370478220  7.139165103  2017  1 28 20 10  0.000018 
   -2117.88968322    6252.98218769    2399.49617017  1.864645631 -2.065999424  6.993244526  2017  1 28 20 19 59.999982 
    -651.00945494    3846.08153175    5829.54670733  2.855033858 -5.678340389  4.041437194  2017  1 28 20 29 59.999987 
    1076.38235281    -100.49168578    6919.13996812  2.702363101 -7.019448594 -0.538438369  2017  1 28 20 39 59.999991 
    2371.08988327   -4005.45835124    5223.36440705  1.461193371 -5.540406775 -4.920100970  2017  1 28 20 49 59.999996 
    2708.54516145   -6292.69686431    1415.09049423 -0.377081806 -1.813220126 -7.328204670  2017  1 28 21  0  0.000000 
    1949.21805718   -6031.71491615   -2967.43946685 -2.064227988  2.650696184 -6.765037857  2017  1 28 21 10  0.000004 
     401.90434782   -3333.14125492   -6149.32328627 -2.911900146  6.025636123 -3.472789304  2017  1 28 21 20  0.000009 
   -1307.56506312     705.39157007   -6856.61796074 -2.588422368  6.967061318  1.193177966  2017  1 28 21 30  0.000013 
   -2494.89160634    4462.89173054   -4817.04733338 -1.232198698  5.123751263  5.368628874  2017  1 28 21 40  0.000018 
   -2686.07354636    6438.35088295    -849.48083235  0.617597730  1.231434883  7.396980445  2017  1 28 21 49 59.999982 
   -1803.35393792    5839.57946817    3458.17764237  2.222773795 -3.158573818  6.461422890  2017  1 28 21 59 59.999987 
    -199.03482029    2904.06770186    6378.26858733  2.939081612 -6.286596123  2.932343188  2017  1 28 22  9 59.999991 
    1484.77034291   -1194.25831591    6736.39854013  2.477691574 -6.898744903 -1.783269159  2017  1 28 22 19 59.999996 
    2571.14403871   -4811.04101687    4379.62580721  1.015278471 -4.732756837 -5.800633089  2017  1 28 22 30  0.000000 
    2618.32097170   -6482.79010767     249.52061578 -0.864318353 -0.641958993 -7.481342959  2017  1 28 22 40  0.000004 
    1605.19839785   -5529.40317961   -3982.14921728 -2.392945538  3.705156244 -6.127906384  2017  1 28 22 50  0.000009 
     -56.13918609   -2344.24693569   -6604.58430838 -2.950639612  6.537570805 -2.311853026  2017  1 28 23  0  0.000013 
   -1695.69010685    1782.23190152   -6573.14241458 -2.325111397  6.739392557  2.409734891  2017  1 28 23 10  0.000018 
   -2658.28769771    5197.48903993   -3909.98737029 -0.772152822  4.249837509  6.159100918  2017  1 28 23 19 59.999982 
   -2559.20279985    6536.77327596     318.37582164  1.091513276  0.058245042  7.445152094  2017  1 28 23 29 59.999987 
   -1436.62876440    5261.71092713    4418.73579320  2.520474090 -4.161108228  5.746207244  2017  1 28 23 39 59.999991 
     260.87018399    1880.84661699    6745.84328452  2.941112738 -6.716979540  1.739337958  2017  1 28 23 49 59.999996 
    1853.45152601   -2253.17808839    6361.59406953  2.181671534 -6.582176418 -2.979027849  2017  1 29  0  0  0.000000 
