   -2431.31493452    6297.72189680   -1948.75721534  0.261257464  2.319203956  7.153900930  2017  1 26  0  0  0.000000 
   -1183.55203052    5362.33117854    4374.54573087  2.292910072 -4.234118421  5.786417284  2017  1 26  0 14 59.999987 
    1084.04188378    -193.90723806    6918.39682097  2.348353205 -7.139403094 -0.583568187  2017  1 26  0 30  0.000013 
    2412.94872354   -5576.82684689    3469.23378208  0.367313450 -3.867674751 -6.479310228  2017  1 26  0 45  0.000000 
    1642.57093896   -6105.69100338   -3000.59001610 -1.942484901  2.785971978 -6.747157667  2017  1 26  0 59 59.999987 
    -557.84663631   -1322.45810064   -6859.96036552 -2.558179592  6.992892376 -1.155574880  2017  1 26  1 15  0.000013 
   -2278.97785251    4608.71752728   -4783.55562922 -0.965647542  5.148991972  5.402181861  2017  1 26  1 30  0.000000 
   -2038.06847895    6571.87390449    1420.83994823  1.459433059 -1.132036450  7.295803968  2017  1 26  1 44 59.999987 
     -41.15788687    2872.52283947    6397.58223171  2.628040643 -6.440128430  2.888750096  2017  1 26  2  0  0.000013 
    1990.30511154   -3301.74586826    5842.40128037  1.527823822 -6.194297661 -4.032222109  2017  1 26  2 15  0.000000 
    2294.28896718   -6606.52063686     212.54123700 -0.908646629 -0.558369934 -7.481976141  2017  1 26  2 29 59.999987 
     599.87612913   -4156.97747396   -5603.29660378 -2.554711176  5.560852177 -4.412943018  2017  1 26  2 45  0.000013 
   -1617.22914403    1900.81960994   -6557.07410789 -1.983438651  6.835271713  2.453036971  2017  1 26  3  0  0.000000 
   -2442.13502226    6323.84357663   -1848.50914806  0.295203168  2.218232422  7.184477093  2017  1 26  3 14 59.999987 
   -1163.69123134    5299.80478623    4454.92642157  2.321768212 -4.314610824  5.715177031  2017  1 26  3 30  0.000013 
    1117.46640222    -291.25691699    6909.32428053  2.347212168 -7.130139312 -0.695588989  2017  1 26  3 45  0.000000 
    2430.89142560   -5624.74656421    3377.86993293  0.336704371 -3.775542460 -6.535392617  2017  1 26  3 59 59.999987 
    1629.21868250   -6062.10375880   -3095.00363809 -1.975760573  2.880650647 -6.697293510  2017  1 26  4 15  0.000013 
    -590.82381408   -1225.62035549   -6875.49427022 -2.565156791  7.007398343 -1.044350651  2017  1 26  4 30  0.000000 
   -2303.15757344    4674.99063180   -4707.47549236 -0.940663283  5.072007995  5.478659555  2017  1 26  4 44 59.999987 
   -2032.69085191    6550.60980828    1522.67568914  1.494961008 -1.234257661  7.272023756  2017  1 26  5  0  0.000013 
     -10.85996912    2782.04494600    6437.19095385  2.643527810 -6.479633866  2.785104076  2017  1 26  5 15  0.000000 
    2019.34350962   -3383.46449560    5785.10710605  1.509645079 -6.136591785 -4.126945534  2017  1 26  5 29 59.999987 
    2296.63701029   -6608.23567076     107.45492222 -0.944997683 -0.452525585 -7.484644243  2017  1 26  5 45  0.000013 
     573.43992642   -4077.15712973   -5664.66109339 -2.577220294  5.621649487 -4.321207472  2017  1 26  6  0  0.000000 
   -1649.50735815    1992.57823316   -6522.07412008 -1.972974264  6.799209858  2.558559763  2017  1 26  6 14 59.999987 
   -2452.53584705    6348.52496422   -1747.84097168  0.329556236  2.116929480  7.213434705  2017  1 26  6 30  0.000013 
   -1143.27852018    5236.20149551    4534.30545915  2.350490596 -4.394029102  5.642643460  2017  1 26  6 45  0.000000 
    1151.09996519    -388.39639994    6898.68235210  2.345501875 -7.119306863 -0.807478515  2017  1 26  6 59 59.999987 
    2448.51175667   -5671.33252497    3285.72324345  0.305580998 -3.682689354 -6.589984838  2017  1 26  7 15  0.000013 
    1615.29554077   -6017.22465696   -3188.71180009 -2.009030284  2.974521341 -6.645892330  2017  1 26  7 30  0.000000 
    -624.12165623   -1128.66556011   -6889.46797312 -2.571631542  7.020319800 -0.932904264  2017  1 26  7 44 59.999987 
   -2327.13653169    4740.12367103   -4630.33102605 -0.915111533  4.994027187  5.553901664  2017  1 26  8  0  0.000013 
   -2026.76258164    6527.92937221    1624.17178328  1.530637282 -1.336047128  7.246603677  2017  1 26  8 15  0.000000 
      19.86594196    2691.08792724    6475.34636310  2.658614416 -6.517650773  2.680813580  2017  1 26  8 29 59.999987 
    2048.31374042   -3464.30522632    5726.48688287  1.490850079 -6.077592360 -4.220752168  2017  1 26  8 45  0.000013 
    2298.47475745   -6608.46274547       2.33662145 -0.981631629 -0.346742150 -7.485587021  2017  1 26  9  0  0.000000 
     546.50225952   -3996.55375831   -5724.73457712 -2.599433686  5.681080177 -4.228497759  2017  1 26  9 14 59.999987 
   -1681.84810740    2083.74775033   -6485.59893887 -1.961905917  6.761703208  2.663497578  2017  1 26  9 30  0.000013 
   -2462.50834826    6371.76248265   -1646.77530508  0.364310679  2.015319053  7.240767162  2017  1 26  9 45  0.000000 
   -1122.31331665    5171.53757323    4612.66477654  2.379065831 -4.472356507  5.568832406  2017  1 26  9 59 59.999987 
    1184.93403812    -485.30325441    6886.47281508  2.343215034 -7.106909807 -0.919211577  2017  1 26 10 15  0.000013 
    2465.79935749   -5716.57533974    3192.81464090  0.273947084 -3.589138560 -6.643073290  2017  1 26 10 30  0.000000 
    1600.79866272   -5971.06641365   -3281.69289468 -2.042282670  3.067562658 -6.592966406  2017  1 26 10 44 59.999987 
    -657.73329333   -1031.61668476   -6901.87843705 -2.577595195  7.031656746 -0.821260978  2017  1 26 11  0  0.000013 
   -2350.90409440    4804.10325698   -4552.13956356 -0.888993229  4.915069160  5.627891389  2017  1 26 11 15  0.000000 
   -2020.27830589    6503.83993524    1725.30534712  1.566452017 -1.437382001  7.219549198  2017  1 26 11 29 59.999987 
      51.01530366    2599.67355456    6512.03940746  2.673289964 -6.554172226  2.575901508  2017  1 26 11 45  0.000013 
    2077.20504908   -3544.25006575    5666.55343019  1.471436770 -6.017314485 -4.313619867  2017  1 26 12  0  0.000000 
    2299.79479283   -6607.20391071    -102.78939341 -1.018539631 -0.241045342 -7.484803889  2017  1 26 12 14 59.999987 
     519.06555651   -3915.18775166   -5783.50341391 -2.621340162  5.739132702 -4.134835568  2017  1 26 12 30  0.000013 
   -1714.24149069    2174.30783343   -6447.65684233 -1.950229351  6.722762990  2.767827050  2017  1 26 12 45  0.000000 
   -2472.04354122    6393.55290897   -1545.33485811  0.399460309  1.913425106  7.266468217  2017  1 26 12 59 59.999987 
   -1100.79523828    5105.82952139    4689.98652478  2.407482472 -4.549576568  5.493759980  2017  1 26 13 15  0.000013 
    1218.95993082    -581.95512090    6872.69780181  2.340344495 -7.092952573 -1.030762981  2017  1 26 13 30  0.000000 
    2482.74390061   -5760.46596766    3099.16524718  0.241806620 -3.494913385 -6.694644721  2017  1 26 13 44 59.999987 
    1585.72538810   -5923.64205341   -3373.92548751 -2.075506281  3.159753460 -6.538528386  2017  1 26 14  0  0.000013 
    -691.65168179    -934.49668147   -6912.72298025 -2.583039212  7.041409571 -0.709446075  2017  1 26 14 15  0.000000 
   -2374.44961168    4866.91630122   -4472.91867122 -0.862309520  4.835153725  5.700612207  2017  1 26 14 29 59.999987 
   -2013.23281764    6478.34916589    1826.05357262  1.602395208 -1.538239570  7.190866142  2017  1 26 14 45  0.000013 
      82.58337452    2507.82368762    6547.26135293  2.687544004 -6.589191651  2.470390912  2017  1 26 15  0  0.000000 
    2106.00660984   -3623.28125362    5605.31988077  1.451403316 -5.955773576 -4.405526663  2017  1 26 15 14 59.999987 
    2300.58983129   -6604.46159639    -207.89884032 -1.055712670 -0.135460827 -7.482294694  2017  1 26 15 30  0.000013 
     491.13245050   -3833.07965755   -5840.95426921 -2.642928558  5.795795904 -4.040242790  2017  1 26 15 45  0.000000 
   -1746.67750117    2264.23833707   -6408.25643501 -1.937940490  6.682400751  2.871524952  2017  1 26 15 59 59.999987 
   -2481.13252077    6413.89337449   -1443.54242666  0.434998740  1.811271633  7.290531978  2017  1 26 16 15  0.000013 
   -1078.72410168    5039.09407255    4766.25307730  2.435729027 -4.625673095  5.417442570  2017  1 26 16 30  0.000000 
    1253.16879964    -678.32971839    6857.35979780  2.336883257 -7.077439958 -1.142107537  2017  1 26 16 44 59.999987 
    2499.33509458   -5802.99571903    3004.79637391  0.209163832 -3.400037311 -6.744686236  2017  1 26 17  0  0.000013 
    1570.07324925   -5874.96490497   -3465.38832321 -2.108689585  3.251072880 -6.482591285  2017  1 26 17 15  0.000000 
    -725.86960552    -837.32847820   -6921.99927658 -2.587955173  7.049579051 -0.597484848  2017  1 26 17 29 59.999987 
   -2397.76242027    4928.55001777   -4392.68614446 -0.835061771  4.754300891  5.772047871  2017  1 26 17 45  0.000013 
   -2005.62106798    6451.46506009    1926.39373132  1.638456716 -1.638597272  7.160560686  2017  1 26 18  0  0.000000 
     114.56521464    2415.56026966    6581.00378548  2.701366139 -6.622702830  2.364304990  2017  1 26 18 14 59.999987 
    2134.70752951   -3701.38126835    5542.79967858  1.430748103 -5.892985370 -4.496450778  2017  1 26 18 30  0.000013 
    2300.85272192   -6600.23861161    -312.96743336 -1.093141545 -0.030014213 -7.478059715  2017  1 26 18 45  0.000000 
     462.70577968   -3750.25017391   -5897.07411760 -2.664187736  5.851059005 -3.944741509  2017  1 26 18 59 59.999987 
   -1779.14602915    2353.51930297   -6367.40664588 -1.925035442  6.640628355  2.974568208  2017  1 26 19 15  0.000013 
   -2489.76646490    6432.78136484   -1341.42088826  0.470919386  1.708882656  7.312952912  2017  1 26 19 30  0.000000 
   -1056.09992399    4971.34818607    4841.44703319  2.463793957 -4.700630180  5.339896836  2017  1 26 19 44 59.999987 
    1287.55164984    -774.40485005    6840.46164182  2.332824470 -7.060377129 -1.253220063  2017  1 26 20  0  0.000013 
    2515.56268812   -5844.15625772    2909.72951748  0.176023180 -3.304533983 -6.793185300  2017  1 26 20 15  0.000000 
    1553.83997319   -5825.04859755   -3556.06032966 -2.141820973  3.341500324 -6.425168482  2017  1 26 20 29 59.999987 
    -760.37967762    -740.13497315   -6929.70535567 -2.592334775  7.056166349 -0.485402605  2017  1 26 20 45  0.000013 
   -2420.83184718    4988.99192554   -4311.46000424 -0.807251560  4.672530856  5.842182415  2017  1 26 21  0  0.000000 
   -1997.43816869    6423.19593871    2026.30317977  1.674626266 -1.738432696  7.128639363  2017  1 26 21 14 59.999987 
     146.95568624    2322.90532186    6613.25861338  2.714746030 -6.654699899  2.257667087  2017  1 26 21 30  0.000013 
    2163.29685122   -3778.53283184    5479.00657638  1.409469742 -5.828965917 -4.586370622  2017  1 26 21 45  0.000000 
    2300.57645143   -6594.53814362    -417.97088890 -1.130816880  0.075268959 -7.472099669  2017  1 26 21 59 59.999987 
     433.78858714   -3666.72014249   -5951.85024586 -2.685106587  5.904911617 -3.848354004  2017  1 26 22 15  0.000013 
   -1811.63686514    2442.13096457   -6325.11672630 -1.911510500  6.597457978  3.076933891  2017  1 26 22 30  0.000000 
   -2497.93663827    6450.21472022   -1238.99319690  0.507215467  1.606282219  7.333725846  2017  1 26 22 44 59.999987 
   -1032.92292396    4902.60904344    4915.55122137  2.491665683 -4.774432204  5.261139708  2017  1 26 23  0  0.000013 
    1322.09933774    -870.15840849    6822.00652598  2.328161439 -7.041769622 -1.364075389  2017  1 26 23 15  0.000000 
    2531.41647430   -5883.93960362    2813.98635385  0.142389363 -3.208427208 -6.840129741  2017  1 26 23 29 59.999987 
    1537.02348310   -5773.90705588   -3645.92062412 -2.174888762  3.431015479 -6.366273714  2017  1 26 23 45  0.000013 
    -795.17434211    -642.93902882   -6935.83960296 -2.596169839  7.061173011 -0.373224653  2017  1 27  0  0  0.000000 
   -2443.64721344    5048.22985120   -4229.25849276 -0.778880683  4.589864005  5.911000154  2017  1 27  0 14 59.999987 
   -1988.67939490    6393.55044516    2125.75936420  1.710893456 -1.837723587  7.095109057  2017  1 27  0 30  0.000013 
     179.74945431    2229.88093801    6644.01806928  2.727673400 -6.685177352  2.150500684  2017  1 27  0 45  0.000000 
    2191.76355819   -3854.71891433    5413.95463289  1.387567067 -5.763731578 -4.675264804  2017  1 27  0 59 59.999987 
    2299.75414751   -6587.36375659    -522.88493217 -1.168729122  0.180363221 -7.464415704  2017  1 27  1 15  0.000013 
     404.38412069   -3582.51054299   -6005.27025555 -2.705674042  5.957343738 -3.751102734  2017  1 27  1 30  0.000000 
   -1844.13970292    2530.05375174   -6281.39624767 -1.897362146  6.552902105  3.178599233  2017  1 27  1 44 59.999987 
   -2505.63439576    6466.19163553   -1136.28237754  0.543880006  1.503494379  7.352845967  2017  1 27  2  0  0.000013 
   -1009.19352302    4832.89404397    4988.54870438  2.519332589 -4.847063837  5.181188383  2017  1 27  2 15  0.000000 
    1356.80257325    -965.56838158    6801.99799570  2.322887628 -7.021623338 -1.474648363  2017  1 27  2 29 59.999987 
    2546.88629473   -5922.33813495    2717.58873327  0.108267311 -3.111740945 -6.885507758  2017  1 27  2 45  0.000013 
    1519.62190015   -5721.55449609   -3734.94851793 -2.207881201  3.519598320 -6.305921069  2017  1 27  3  0  0.000000 
    -830.24587599    -545.76346575   -6940.40075976 -2.599452310  7.064600964 -0.260976303  2017  1 27  3 14 59.999987 
   -2466.19783779    5106.25193157   -4146.10006970 -0.749951151  4.506320903  5.978485693  2017  1 27  3 30  0.000013 
   -1979.34018767    6362.53754282    2224.73982538  1.747247753 -1.936447854  7.059977005  2017  1 27  3 45  0.000000 
     212.94098717    2136.50927924    6673.27471229  2.740138036 -6.714130037  2.042829400  2017  1 27  3 59 59.999987 
    2220.09657747   -3929.92273874    5347.65821033  1.365039141 -5.697299023 -4.763112138  2017  1 27  4 15  0.000013 
    2298.37908222   -6578.71939029    -627.68530314 -1.206868547  0.285243189 -7.455009407  2017  1 27  4 30  0.000000 
     374.49583275   -3497.64248712   -6057.32206551 -2.725879067  6.008345753 -3.653010338  2017  1 27  4 44 59.999987 
   -1876.64414259    2617.26829514   -6236.25509928 -1.882587051  6.506973525  3.279541624  2017  1 27  5  0  0.000013 
   -2512.85118610    6480.71066007   -1033.31152234  0.580905833  1.400543203  7.370308823  2017  1 27  5 15  0.000000 
    -984.91234649    4762.22080053    5060.42278183  2.546783026 -4.918510041  5.100060318  2017  1 27  5 29 59.999987 
    1391.65192229   -1060.61285791    6780.43994955  2.316996665 -6.999944547 -1.584913856  2017  1 27  5 45  0.000013 
    2561.96204372   -5959.34459018    2620.55867551  0.073662192 -3.014499297 -6.929307922  2017  1 27  6  0  0.000000 
    1501.63354513   -5668.00542107   -3823.12352152 -2.240786472  3.607229113 -6.244124988  2017  1 27  6 14 59.999987 
    -865.58639084    -448.63105759   -6943.38792309 -2.602174264  7.066452516 -0.148682855  2017  1 27  6 30  0.000013 
   -2488.47304042    5163.04661614   -4062.00340811 -0.720465191  4.421922291  6.044623925  2017  1 27  6 45  0.000000 
   -1969.41615654    6330.16651253    2323.22220340  1.783678498 -2.034583572  7.023250792  2017  1 27  6 59 59.999987 
     246.52455718    2042.81256877    6701.02142988  2.752129793 -6.741553163  1.934676985  2017  1 27  7 15  0.000013 
    2248.28478383   -4004.12778560    5280.13197137  1.341885258 -5.629685222 -4.849891646  2017  1 27  7 30  0.000000 
    2296.44467537   -6568.60935862    -732.34776252 -1.245225264  0.389883568 -7.443882794  2017  1 27  7 44 59.999987 
     344.12737999   -3412.13721261   -6107.99391437 -2.745710673  6.057908439 -3.554099624  2017  1 27  8  0  0.000013 
   -1909.13969375    2703.75543072   -6189.70348598 -1.867182081  6.459685329  3.379738621  2017  1 27  8 15  0.000000 
   -2519.57855524    6493.77069765    -930.10378450  0.618285587  1.297452760  7.386110325  2017  1 27  8 29 59.999987 
    -960.08022454    4690.60713508    5131.15699420  2.574005314 -4.988756075  5.017773232  2017  1 27  8 45  0.000013 
    1426.63780915   -1155.27003178    6757.33663925  2.310482342 -6.976739884 -1.694846770  2017  1 27  9  0  0.000000 
    2576.63367252   -5994.95207021    2522.91836436  0.038579406 -2.916726507 -6.971519183  2017  1 27  9 14 59.999987 
    1483.05694001   -5613.27461591   -3910.42534941 -2.273592699  3.693888419 -6.180900254  2017  1 27  9 30  0.000013 
    -901.18783488    -351.56452483   -6944.80054553 -2.604327907  7.066730353 -0.036369601  2017  1 27  9 45  0.000000 
   -2510.46214669    5218.60266932   -3976.98739050 -0.690425249  4.336689079  6.109400035  2017  1 27  9 59 59.999987 
   -1958.90308209    6296.44694989    2421.18424238  1.820174915 -2.132108987  6.984938353  2017  1 27 10 15  0.000013 
     280.49424161    1948.81308628    6727.25143998  2.763638604 -6.767442301  1.826067313  2017  1 27 10 30  0.000000 
    2276.31700352   -4077.31779703    5211.39087671  1.318104942 -5.560907447 -4.935582568  2017  1 27 10 44 59.999987 
    2293.94449763   -6557.03834803    -836.84809859 -1.283789214  0.494259161 -7.431038319  2017  1 27 11  0  0.000013 
     313.28262303   -3326.01607716   -6157.27436294 -2.765157920  6.106022963 -3.454393569  2017  1 27 11 15  0.000000 
   -1941.61577874    2789.49620429   -6141.75192564 -1.851144294  6.411050905  3.479167948  2017  1 27 11 29 59.999987 
   -2525.80814999    6505.37100624    -826.68237414  0.656011713  1.194247119  7.400246746  2017  1 27 11 45  0.000013 
    -934.69819300    4618.07107390    5200.73512674  2.600987747 -5.057787497  4.934345100  2017  1 27 12  0  0.000000 
    1461.75051937   -1249.51820973    6732.69266913  2.303338622 -6.952016349 -1.804422039  2017  1 27 12 14 59.999987 
    2590.89119343   -6029.15404043    2424.69014192  0.003024585 -2.818446948 -7.012130870  2017  1 27 12 30  0.000013 
    1463.89080927   -5557.37714297   -3996.83392548 -2.306287948  3.779557103 -6.116261989  2017  1 27 12 45  0.000000 
    -937.04199517    -254.58652889   -6944.63843502 -2.605905583  7.065437538  0.075938186  2017  1 27 12 59 59.999987 
   -2532.15449088    5272.90917286   -3891.07110459 -0.659833987  4.250642343  6.172799506  2017  1 27 13 15  0.000013 
   -1947.79691826    6261.38876246    2518.60379567  1.856726103 -2.229002524  6.945047968  2017  1 27 13 30  0.000000 
     314.84392350    1854.53316250    6751.95829284  2.774654474 -6.791793379  1.717024385  2017  1 27 13 44 59.999987 
    2304.18201831   -4149.47678174    5141.45018159  1.293697952 -5.490983266 -5.020164364  2017  1 27 14  0  0.000013 
    2290.87227381   -6544.01141578    -941.16213294 -1.322550178  0.598344879 -7.416478866  2017  1 27 14 15  0.000000 
     281.96562589   -3239.30055221   -6205.15229666 -2.784209916  6.152680885 -3.353915307  2017  1 27 14 29 59.999987 
   -1974.06173567    2874.47187540   -6092.41124700 -1.834470946  6.361083936  3.577807505  2017  1 27 14 45  0.000013 
   -2531.53172139    6515.51119773    -723.07055272  0.694076470  1.090950337  7.412714726  2017  1 27 15  0  0.000000 
    -908.76749448    4544.63084346    5269.14121260  2.627718598 -5.125590168  4.849794150  2017  1 27 15 14 59.999987 
    1496.98020211   -1343.33581490    6706.51299613  2.295559642 -6.925781307 -1.913614637  2017  1 27 15 30  0.000013 
    2604.72468400   -6061.94433232    2325.89650366 -0.032996405 -2.719685119 -7.051132701  2017  1 27 15 45  0.000000 
    1444.13408157   -5500.32833743   -4082.32938719 -2.338860231  3.864216337 -6.050225652  2017  1 27 15 59 59.999987 
    -973.14049931    -157.71966716   -6942.90175448 -2.606899772  7.062577505  0.188215256  2017  1 27 16 15  0.000013 
   -2553.53941997    5325.95552777   -3804.27383953 -0.628694287  4.163803319  6.234808118  2017  1 27 16 30  0.000000 
   -1936.09379491    6225.00216707    2615.45883000  1.893321048 -2.325242787  6.903588262  2017  1 27 16 44 59.999987 
     349.56729251    1759.99517400    6775.13587278  2.785167492 -6.814602690  1.607572316  2017  1 27 17  0  0.000013 
    2331.86856932   -4220.58901891    5070.32543322  1.268664283 -5.419930538 -5.103616726  2017  1 27 17 15  0.000000 
    2287.22188600   -6529.53398813   -1045.26572692 -1.361497779  0.702115746 -7.400207752  2017  1 27 17 29 59.999987 
     250.18065558   -3152.01221710   -6251.61692765 -2.802855826  6.197874155 -3.252688127  2017  1 27 17 45  0.000013 
   -2006.46682182    2958.66392193   -6041.69258694 -1.817159491  6.309798392  3.675635369  2017  1 27 18  0  0.000000 
   -2536.74112825    6524.19123746    -619.29162856  0.732471926  0.987586460  7.423511266  2017  1 27 18 14 59.999987 
    -882.28957903    4470.30486561    5336.35953670  2.654186120 -5.192150252  4.764138859  2017  1 27 18 30  0.000013 
    1532.31687296   -1436.70139309    6678.80292915  2.287139714 -6.898042486 -2.022399585  2017  1 27 18 45  0.000000 
    2618.12429119   -6093.31714521    2226.56009284 -0.069477469 -2.620465632 -7.088514781  2017  1 27 18 59 59.999987 
    1423.78589091   -5442.14380226   -4166.89209075 -2.371297517  3.947847604 -5.982807029  2017  1 27 19 15  0.000013 
   -1009.47481781     -60.98646687   -6939.59102147 -2.607303097  7.058154062  0.300436385  2017  1 27 19 30  0.000000 
   -2574.60629738    5377.73145685   -3716.61508124 -0.597009245  4.076193397  6.295411954  2017  1 27 19 44 59.999987 
   -1923.79002012    6187.29768689    2711.72743061  1.929948623 -2.420808569  6.860568204  2017  1 27 20  0  0.000013 
     384.65784602    1665.22153755    6796.77840010  2.795167833 -6.835866889  1.497735338  2017  1 27 20 15  0.000000 
    2359.36536108   -4290.63906283    4998.03246735  1.243004166 -5.347767409 -5.185919577  2017  1 27 20 29 59.999987 
    2282.98737668   -6513.61185842   -1149.13478755 -1.400621482  0.805546908 -7.382228727  2017  1 27 20 45  0.000013 
     217.93218157   -3064.17275312   -6296.65779686 -2.821084874  6.241595116 -3.150735466  2017  1 27 21  0  0.000000 
   -2038.82021687    3042.05404410   -5989.60738810 -1.799207582  6.257208530  3.772629798  2017  1 27 21 14 59.999987 
   -2541.42834058    6531.41144382    -515.36895171  0.771189965  0.884179511  7.432633736  2017  1 27 21 30  0.000013 
    -855.26610485    4395.11175281    5402.37463929  2.680378553 -5.257454223  4.677397950  2017  1 27 21 45  0.000000 
    1567.75041682   -1529.59361827    6649.56812867  2.278073334 -6.868807977 -2.130751953  2017  1 27 21 59 59.999987 
    2631.08023553   -6123.26704792    2126.70369476 -0.106412279 -2.520813210 -7.124267612  2017  1 27 22 15  0.000013 
    1402.84557788   -5382.83940317   -4250.50261591 -2.403587726  4.030432704 -5.914022233  2017  1 27 22 30  0.000000 
   -1046.03626628      35.59062052   -6934.70710768 -2.607108324  7.052171386  0.412576383  2017  1 27 22 44 59.999987 
   -2595.34450676    5428.22700640   -3628.11450862 -0.564782181  3.987834116  6.354597399  2017  1 27 23  0  0.000013 
   -1910.88208245    6148.28614844    2807.38780595  1.966597590 -2.515678854  6.815997102  2017  1 27 23 15  0.000000 
     420.10889018    1570.23470452    6816.88043275  2.804645761 -6.855582995  1.387537791  2017  1 27 23 29 59.999987 
    2386.66106555   -4359.61174712    4924.58740503  1.216718071 -5.274512309 -5.267053081  2017  1 27 23 45  0.000013 
    2278.16295172   -6496.25118486   -1252.74527423 -1.439910604  0.908613642 -7.362545969  2017  1 28  0  0  0.000000 
     185.22487506   -2975.80393716   -6340.26477619 -2.838886346  6.283836507 -3.048080900  2017  1 28  0 14 59.999987 
   -2071.11102622    3124.62416867   -5936.16739613 -1.780613076  6.203328890  3.868769239  2017  1 28  0 30  0.000013 
   -2545.58544290    6537.17248771    -411.32590826  0.810222285  0.780753489  7.440079868  2017  1 28  0 45  0.000000 
    -827.69893919    4319.07030388    5467.17131912  2.706284123 -5.321488863  4.589590391  2017  1 28  0 59 59.999987 
    1603.27059056   -1621.99129771    6618.81460614  2.268355178 -6.838086229 -2.238646870  2017  1 28  1 15  0.000013 
    2643.58281523   -6151.78898010    2026.35023156 -0.143794282 -2.420752678 -7.158382089  2017  1 28  1 30  0.000000 
    1381.31269093   -5322.43126378   -4333.14177039 -2.435718741  4.111953758 -5.843887694  2017  1 28  1 44 59.999987 
   -1082.81600757     131.98922482   -6928.25123842 -2.606308369  7.044634018  0.524610097  2017  1 28  2  0  0.000013 
   -2615.74345581    5477.43254834   -3538.79198906 -0.532016628  3.898747158  6.412351149  2017  1 28  2 15  0.000000 
   -1897.36665333    6107.97867867    2902.41829218  2.003256605 -2.609832820  6.769884606  2017  1 28  2 29 59.999987 
     455.91354088    1475.05715608    6835.43686790  2.813591632 -6.873748391  1.277004120  2017  1 28  2 45  0.000013 
    2413.74432611   -4427.49218863    4850.00664957  1.189806711 -5.200183946 -5.346997651  2017  1 28  3  0  0.000000 
    2272.74298346   -6477.45848850   -1356.07320410 -1.479354310  1.011291362 -7.341164085  2017  1 28  3 14 59.999987 
     152.06360832   -2886.92763582   -6382.42807039 -2.856249597  6.324591456 -2.944748142  2017  1 28  3 30  0.000013 
   -2103.32828439    3206.35645308   -5881.38465706 -1.761374035  6.148174286  3.964032325  2017  1 28  3 45  0.000000 
   -2549.20463778    6541.47539175    -307.18591659  0.849560404  0.677332360  7.445847764  2017  1 28  3 59 59.999987 
    -799.59015871    4242.19949873    5530.73463732  2.731891054 -5.384241269  4.500735387  2017  1 28  4 15  0.000013 
    1638.86702604   -1713.87337740    6586.54872344  2.257980113 -6.805886056 -2.346059523  2017  1 28  4 30  0.000000 
    2655.62241033   -6178.87825378    1925.52275604 -0.181616695 -2.320308952 -7.190849512  2017  1 28  4 44 59.999987 
    1359.18698743   -5260.93576052   -4414.79059439 -2.467678412  4.192393211 -5.772420160  2017  1 28  5  0  0.000013 
   -1119.80505395     228.18706206   -6920.22499201 -2.604896296  7.035546868  0.636512419  2017  1 28  5 15  0.000000 
   -2635.79257998    5525.33878196   -3448.66757442 -0.498716340  3.808954345  6.468660208  2017  1 28  5 29 59.999987 
   -1883.24058920    6066.38670183    2996.79735793  2.039914220 -2.703249847  6.722240700  2017  1 28  5 45  0.000013 
     492.06472527    1379.71139680    6852.44294375  2.821995901 -6.890360826  1.166158871  2017  1 28  6  0  0.000000 
    2440.60376171   -4494.26579178    4774.30688292  1.162271039 -5.124801303 -5.425733951  2017  1 28  6 14 59.999987 
    2266.72201352   -6457.24065079   -1459.09465883 -1.518941623  1.113555627 -7.318088109  2017  1 28  6 30  0.000013 
     118.45345391   -2797.56579936   -6423.13821895 -2.873164050  6.363853489 -2.840761034  2017  1 28  6 45  0.000000 
   -2135.46095828    3287.23328909   -5825.27151473 -1.741488723  6.091759809  4.058397887  2017  1 28  6 59 59.999987 
   -2552.27824909    6544.32152973    -202.97242121  0.889195657  0.573940054  7.449935892  2017  1 28  7 15  0.000013 
    -770.94205034    4164.51849428    5593.04992022  2.757187562 -5.445698852  4.410852379  2017  1 28  7 30  0.000000 
    1674.52923306   -1805.21894772    6552.77719200  2.246943194 -6.772216625 -2.452965172  2017  1 28  7 44 59.999987 
    2667.18948679   -6204.53055431    1824.24444665 -0.219872509 -2.219507037 -7.221661580  2017  1 28  8  0  0.000013 
    1336.46843484   -5198.36951758   -4495.43036506 -2.499454554  4.271733839 -5.699636683  2017  1 28  8 15  0.000000 
   -1156.99426975     324.16194098   -6910.63029905 -2.602865325  7.024915205  0.748258287  2017  1 28  8 29 59.999987 
   -2655.48134635    5571.93673584   -3357.76149647 -0.464885291  3.718477630  6.523511894  2017  1 28  8 45  0.000013 
   -1868.50093364    6023.52193628    3090.50360911  2.076558888 -2.795909521  6.673075706  2017  1 28  9  0  0.000000 
     528.55518288    1284.21994960    6867.89424092  2.829849124 -6.905418416  1.055026686  2017  1 28  9 14 59.999987 
    2467.22797096   -4559.91825264    4697.50506213  1.134112251 -5.048383630 -5.503242904  2017  1 28  9 30  0.000013 
    2260.09475574   -6435.60491112   -1561.78579067 -1.558661425  1.215382150 -7.293323503  2017  1 28  9 45  0.000000 
      84.39968379   -2707.74045542   -6462.38609792 -2.889619204  6.401616524 -2.736143542  2017  1 28  9 59 59.999987 
   -2167.49795075    3367.23730712   -5767.84060777 -1.720955614  6.034100818  4.151844954  2017  1 28 10 15  0.000013 
   -2554.79872539    6545.71262565     -98.70888838  0.929119200  0.470600457  7.452343085  2017  1 28 10 30  0.000000 
    -741.75711153    4086.04661908    5654.10276319  2.782161868 -5.505849343  4.319961041  2017  1 28 10 44 59.999987 
    1710.24660236   -1896.00724851    6517.50707210  2.235239671 -6.737087463 -2.559339147  2017  1 28 11  0  0.000013 
    2678.27460060   -6228.74194176    1722.53860101 -0.258554493 -2.118372014 -7.250810404  2017  1 28 11 15  0.000000 
    1313.15721142   -5134.74940135   -4575.04260128 -2.531034959  4.349958751 -5.625554622  2017  1 28 11 29 59.999987 
   -1194.37437349     419.89176764   -6899.46944172 -2.600208831  7.012744656  0.859822694  2017  1 28 11 45  0.000013 
   -2674.79925738    5617.21776938   -3266.09416283 -0.430527669  3.627339097  6.576893838  2017  1 28 12  0  0.000000 
   -1853.14491955    5979.39639132    3183.51579334  2.113178963 -2.887791637  6.622400279  2017  1 28 12 14 59.999987 
     565.37746694    1188.60535033    6881.78668397  2.837141965 -6.918919644  0.943632297  2017  1 28 12 30  0.000013 
    2493.60553633   -4624.43556275    4619.61841583  1.105331789 -4.970950445 -5.579505696  2017  1 28 12 45  0.000000 
    2252.85609900   -6412.55886438   -1664.12282825 -1.598502461  1.316746805 -7.266876148  2017  1 28 12 59 59.999987 
      49.90776850   -2617.47370330   -6500.16292151 -2.905604636  6.437874871 -2.630919749  2017  1 28 13 15  0.000013 
   -2199.42810394    3446.35137975   -5709.10486703 -1.699773391  5.975212936  4.244352756  2017  1 28 13 30  0.000000 
   -2556.75864322    6545.65075292       5.58119927  0.969322015  0.367337406  7.453068548  2017  1 28 13 44 59.999987 
    -712.03805078    4006.80336881    5713.87903370  2.806802195 -5.564680792  4.228081276  2017  1 28 14  0  0.000013 
    1746.00840875   -1986.21767462    6480.74577194  2.222864993 -6.700508450 -2.665156860  2017  1 28 14 15  0.000000 
    2688.86840181   -6251.50885172    1620.42863045 -0.297655191 -2.016929035 -7.278288503  2017  1 28 14 29 59.999987 
    1289.25370741   -5070.09251564   -4653.60906739 -2.562407395  4.427051392 -5.550191633  2017  1 28 14 45  0.000013 
   -1231.93594036     515.35455088   -6886.74505293 -2.596920348  6.999041207  0.971180688  2017  1 28 15  0  0.000000 
   -2693.73585472    5661.17357452   -3173.68615247 -0.395647885  3.535560948  6.628793993  2017  1 28 15 14 59.999987 
   -1837.16997124    5934.02236396    3275.81280449  2.149762706 -2.978876203  6.570225403  2017  1 28 15 30  0.000013 
     602.52394581    1092.89014219    6894.11654284  2.843865194 -6.930863360  0.832000525  2017  1 28 15 45  0.000000 
    2519.72502823   -4687.80401289    4540.66444076  1.075931341 -4.892521523 -5.654503788  2017  1 28 15 59 59.999987 
    2245.00110997   -6388.11045818   -1766.08208274 -1.638453342  1.417625632 -7.238752352  2017  1 28 16 15  0.000013 
      14.98337613   -2526.78770770   -6536.46024374 -2.921110003  6.472623236 -2.525113849  2017  1 28 16 30  0.000000 
   -2231.24020282    3524.55862571   -5649.07751250 -1.677940947  5.915112048  4.335900730  2017  1 28 16 44 59.999987 
   -2558.15071040    6544.13833330     109.87434744  1.009794906  0.264174682  7.452111850  2017  1 28 17  0  0.000013 
    -681.78778804    3926.80840133    5772.36487459  2.831096776 -5.622181574  4.135233210  2017  1 28 17 15  0.000000 
    1781.80381427   -2075.82978114    6442.50104663  2.209814808 -6.662489822 -2.770393806  2017  1 28 17 29 59.999987 
    2698.96163865   -6272.82809617    1517.93805451 -0.337166927 -1.915203316 -7.304088809  2017  1 28 17 45  0.000013 
    1264.75852573   -5004.41619618   -4731.11177769 -2.593559614  4.502995550 -5.473565665  2017  1 28 18  0  0.000000 
   -1269.66940484     610.52840811   -6872.46011540 -2.592993573  6.983811198  1.082307385  2017  1 28 18 14 59.999987 
   -2712.28072302    5703.79617743   -3080.55821108 -0.360250563  3.443165504  6.679200629  2017  1 28 18 30  0.000013 
   -1820.57370636    5887.41243551    3367.37368740  2.186298289 -3.069143446  6.516562393  2017  1 28 18 45  0.000000 
     639.98680455     997.09687005    6904.88043421  2.850009697 -6.941248781  0.720156272  2017  1 28 18 59 59.999987 
    2545.57500934   -4750.01019729    4460.66089751  1.045912840 -4.813116894 -5.728218913  2017  1 28 19 15  0.000013 
    2236.52503572   -6362.26799006   -1867.63995426 -1.678502550  1.517994848 -7.208958839  2017  1 28 19 30  0.000000 
     -20.36762874   -2435.70469267   -6571.26996000 -2.936125051  6.505856717 -2.418750141  2017  1 28 19 44 59.999987 
   -2262.92297871    3601.84241358   -5587.77205044 -1.655457387  5.853814295  4.426468526  2017  1 28 20  0  0.000013 
   -2558.96776925    6541.17813590     214.14705562  1.050528505  0.161136009  7.449472930  2017  1 28 20 15  0.000000 
    -651.00945494    3846.08153175    5829.54670733  2.855033858 -5.678340389  4.041437194  2017  1 28 20 29 59.999987 
    1817.62187132   -2164.82328864    6402.78099722  2.196084968 -6.623042166 -2.875025574  2017  1 28 20 45  0.000013 
    2708.54516145   -6292.69686431    1415.09049423 -0.377081806 -1.813220126 -7.328204670  2017  1 28 21  0  0.000000 
    1239.67248261   -4937.73800499   -4807.53300086 -2.624479352  4.577775357 -5.395694952  2017  1 28 21 14 59.999987 
   -1307.56506312     705.39157007   -6856.61796074 -2.588422368  6.967061318  1.193177966  2017  1 28 21 30  0.000013 
   -2730.42349371    5745.07793965   -2986.73124709 -0.324340548  3.350175197  6.728102341  2017  1 28 21 45  0.000000 
   -1803.35393792    5839.57946817    3458.17764237  2.222773795 -3.158573818  6.461422890  2017  1 28 21 59 59.999987 
     677.75804656     901.24807478    6914.07532278  2.855566478 -6.950075494  0.608124516  2017  1 28 22 15  0.000013 
    2571.14403871   -4811.04101687    4379.62580721  1.015278471 -4.732756837 -5.800633089  2017  1 28 22 30  0.000000 
    2227.42330644   -6335.04010464   -1968.77293738 -1.718638444  1.617830852 -7.177502752  2017  1 28 22 44 59.999987 
     -56.13918609   -2344.24693569   -6604.58430838 -2.950639612  6.537570805 -2.311853026  2017  1 28 23  0  0.000013 
   -2294.46511271    3678.18636517   -5525.20227054 -1.632322029  5.791336073  4.516036004  2017  1 28 23 15  0.000000 
   -2559.20279985    6536.77327596     318.37582164  1.091513276  0.058245042  7.445152094  2017  1 28 23 29 59.999987 
    -619.70639508    3764.64272758    5885.41123514  2.878601703 -5.733146262  3.946713793  2017  1 28 23 45  0.000013 
    1853.45152601   -2253.17808839    6361.59406953  2.181671534 -6.582176418 -2.979027849  2017  1 29  0  0  0.000000 
