    1  29.2774 -144.2040 1314833.284 	  2016   1   1  0  0  0.000000 
    2  26.4062 -142.7860 1313813.629 	  2016   1   1  0  0 59.999996 
    3  23.5151 -141.4485 1312858.160 	  2016   1   1  0  1 59.999993 
    4  20.6071 -140.1789 1311976.714 	  2016   1   1  0  2 59.999989 
    5  17.6849 -138.9658 1311178.328 	  2016   1   1  0  3 59.999986 
    6  14.7511 -137.7992 1310471.120 	  2016   1   1  0  4 59.999982 
    7  11.8079 -136.6699 1309862.197 	  2016   1   1  0  6  0.000019 
    8   8.8574 -135.5697 1309357.561 	  2016   1   1  0  7  0.000015 
    9   5.9014 -134.4907 1308962.038 	  2016   1   1  0  8  0.000012 
   10   2.9417 -133.4257 1308679.221 	  2016   1   1  0  9  0.000008 
   11  -0.0197 -132.3675 1308511.422 	  2016   1   1  0 10  0.000004 
   12  -2.9812 -131.3092 1308459.648 	  2016   1   1  0 11  0.000001 
   13  -5.9410 -130.2439 1308523.593 	  2016   1   1  0 11 59.999997 
   14  -8.8974 -129.1645 1308701.641 	  2016   1   1  0 12 59.999994 
   15 -11.8485 -128.0637 1308990.892 	  2016   1   1  0 13 59.999990 
   16 -14.7923 -126.9336 1309387.204 	  2016   1   1  0 14 59.999987 
   17 -17.7269 -125.7659 1309885.246 	  2016   1   1  0 15 59.999983 
   18 -20.6499 -124.5515 1310478.572 	  2016   1   1  0 17  0.000020 
   19 -23.5589 -123.2804 1311159.703 	  2016   1   1  0 18  0.000016 
   20 -26.4512 -121.9410 1311920.232 	  2016   1   1  0 19  0.000013 
   21 -29.3235 -120.5208 1312750.923 	  2016   1   1  0 20  0.000009 
   22 -32.1724 -119.0048 1313641.840 	  2016   1   1  0 21  0.000005 
   23 -34.9936 -117.3762 1314582.467 	  2016   1   1  0 22  0.000002 
   24 -37.7821 -115.6151 1315561.845 	  2016   1   1  0 22 59.999998 
   25 -40.5322 -113.6984 1316568.709 	  2016   1   1  0 23 59.999995 
   26 -43.2367 -111.5990 1317591.626 	  2016   1   1  0 24 59.999991 
   27 -45.8871 -109.2848 1318619.141 	  2016   1   1  0 25 59.999987 
   28 -48.4729 -106.7183 1319639.914 	  2016   1   1  0 26 59.999984 
   29 -50.9812 -103.8555 1320642.854 	  2016   1   1  0 27 59.999980 
   30 -53.3960 -100.6457 1321617.261 	  2016   1   1  0 29  0.000017 
   31 -55.6976 -97.0319 1322552.942 	  2016   1   1  0 30  0.000013 
   32 -57.8620 -92.9518 1323440.341 	  2016   1   1  0 31  0.000010 
   33 -59.8595 -88.3426 1324270.640 	  2016   1   1  0 32  0.000006 
   34 -61.6552 -83.1484 1325035.867 	  2016   1   1  0 33  0.000003 
   35 -63.2085 -77.3333 1325728.982 	  2016   1   1  0 33 59.999999 
   36 -64.4755 -70.8997 1326343.951 	  2016   1   1  0 34 59.999996 
   37 -65.4119 -63.9083 1326875.820 	  2016   1   1  0 35 59.999992 
   38 -65.9793 -56.4918 1327320.755 	  2016   1   1  0 36 59.999988 
   39 -66.1515 -48.8517 1327676.086 	  2016   1   1  0 37 59.999985 
   40 -65.9201 -41.2307 1327940.331 	  2016   1   1  0 38 59.999981 
   41 -65.2964 -33.8676 1328113.195 	  2016   1   1  0 40  0.000018 
   42 -64.3092 -26.9546 1328195.576 	  2016   1   1  0 41  0.000014 
   43 -62.9983 -20.6132 1328189.535 	  2016   1   1  0 42  0.000011 
   44 -61.4081 -14.8941 1328098.264 	  2016   1   1  0 43  0.000007 
   45 -59.5824  -9.7924 1327926.039 	  2016   1   1  0 44  0.000004 
   46 -57.5610  -5.2681 1327678.157 	  2016   1   1  0 45  0.000000 
   47 -55.3780  -1.2637 1327360.862 	  2016   1   1  0 45 59.999996 
   48 -53.0620   2.2841 1326981.258 	  2016   1   1  0 46 59.999993 
   49 -50.6367   5.4368 1326547.213 	  2016   1   1  0 47 59.999989 
   50 -48.1209   8.2507 1326067.253 	  2016   1   1  0 48 59.999986 
   51 -45.5302  10.7753 1325550.446 	  2016   1   1  0 49 59.999982 
   52 -42.8770  13.0536 1325006.283 	  2016   1   1  0 51  0.000019 
   53 -40.1714  15.1222 1324444.547 	  2016   1   1  0 52  0.000015 
   54 -37.4218  17.0125 1323875.186 	  2016   1   1  0 53  0.000012 
   55 -34.6350  18.7508 1323308.174 	  2016   1   1  0 54  0.000008 
   56 -31.8167  20.3598 1322753.381 	  2016   1   1  0 55  0.000004 
   57 -28.9717  21.8587 1322220.436 	  2016   1   1  0 56  0.000001 
   58 -26.1040  23.2642 1321718.599 	  2016   1   1  0 56 59.999997 
   59 -23.2171  24.5906 1321256.635 	  2016   1   1  0 57 59.999994 
   60 -20.3142  25.8506 1320842.689 	  2016   1   1  0 58 59.999990 
   61 -17.3977  27.0552 1320484.180 	  2016   1   1  0 59 59.999987 
   62 -14.4703  28.2143 1320187.694 	  2016   1   1  1  0 59.999983 
   63 -11.5339  29.3369 1319958.895 	  2016   1   1  1  2  0.000020 
   64  -8.5907  30.4313 1319802.442 	  2016   1   1  1  3  0.000016 
   65  -5.6425  31.5050 1319721.925 	  2016   1   1  1  4  0.000013 
   66  -2.6911  32.5654 1319719.815 	  2016   1   1  1  5  0.000009 
   67   0.2618  33.6196 1319797.422 	  2016   1   1  1  6  0.000005 
   68   3.2145  34.6742 1319954.878 	  2016   1   1  1  7  0.000002 
   69   6.1652  35.7364 1320191.131 	  2016   1   1  1  7 59.999998 
   70   9.1122  36.8131 1320503.953 	  2016   1   1  1  8 59.999995 
   71  12.0537  37.9116 1320889.974 	  2016   1   1  1  9 59.999991 
   72  14.9879  39.0397 1321344.715 	  2016   1   1  1 10 59.999987 
   73  17.9127  40.2057 1321862.653 	  2016   1   1  1 11 59.999984 
   74  20.8258  41.4187 1322437.289 	  2016   1   1  1 12 59.999980 
   75  23.7249  42.6889 1323061.232 	  2016   1   1  1 14  0.000017 
   76  26.6073  44.0274 1323726.295 	  2016   1   1  1 15  0.000013 
   77  29.4697  45.4473 1324423.606 	  2016   1   1  1 16  0.000010 
   78  32.3088  46.9631 1325143.716 	  2016   1   1  1 17  0.000006 
   79  35.1202  48.5919 1325876.730 	  2016   1   1  1 18  0.000003 
   80  37.8992  50.3534 1326612.429 	  2016   1   1  1 18 59.999999 
   81  40.6398  52.2709 1327340.408 	  2016   1   1  1 19 59.999996 
   82  43.3350  54.3714 1328050.207 	  2016   1   1  1 20 59.999992 
   83  45.9762  56.6870 1328731.447 	  2016   1   1  1 21 59.999988 
   84  48.5531  59.2552 1329373.969 	  2016   1   1  1 22 59.999985 
   85  51.0526  62.1200 1329967.957 	  2016   1   1  1 23 59.999981 
   86  53.4588  65.3320 1330504.071 	  2016   1   1  1 25  0.000018 
   87  55.7522  68.9483 1330973.567 	  2016   1   1  1 26  0.000014 
   88  57.9084  73.0308 1331368.410 	  2016   1   1  1 27  0.000011 
   89  59.8981  77.6423 1331681.376 	  2016   1   1  1 28  0.000007 
   90  61.6862  82.8382 1331906.152 	  2016   1   1  1 29  0.000004 
   91  63.2322  88.6540 1332037.418 	  2016   1   1  1 30  0.000000 
   92  64.4923  95.0867 1332070.917 	  2016   1   1  1 30 59.999996 
   93  65.4223 102.0753 1332003.518 	  2016   1   1  1 31 59.999993 
   94  65.9839 109.4866 1331833.262 	  2016   1   1  1 32 59.999989 
   95  66.1511 117.1193 1331559.390 	  2016   1   1  1 33 59.999986 
   96  65.9154 124.7315 1331182.369 	  2016   1   1  1 34 59.999982 
   97  65.2884 132.0851 1330703.890 	  2016   1   1  1 36  0.000019 
   98  64.2985 138.9889 1330126.858 	  2016   1   1  1 37  0.000015 
   99  62.9855 145.3221 1329455.370 	  2016   1   1  1 38  0.000012 
  100  61.3934 151.0343 1328694.675 	  2016   1   1  1 39  0.000008 
  101  59.5661 156.1305 1327851.119 	  2016   1   1  1 40  0.000004 
  102  57.5429 160.6506 1326932.081 	  2016   1   1  1 41  0.000001 
  103  55.3580 164.6520 1325945.891 	  2016   1   1  1 41 59.999997 
  104  53.0399 168.1976 1324901.743 	  2016   1   1  1 42 59.999994 
  105  50.6121 171.3489 1323809.589 	  2016   1   1  1 43 59.999990 
  106  48.0935 174.1620 1322680.030 	  2016   1   1  1 44 59.999987 
  107  45.4995 176.6863 1321524.191 	  2016   1   1  1 45 59.999983 
  108  42.8426 178.9646 1320353.601 	  2016   1   1  1 47  0.000020 
  109  40.1329 -178.9663 1319180.048 	  2016   1   1  1 48  0.000016 
  110  37.3788 -177.0754 1318015.450 	  2016   1   1  1 49  0.000013 
  111  34.5870 -175.3362 1316871.710 	  2016   1   1  1 50  0.000009 
  112  31.7632 -173.7261 1315760.573 	  2016   1   1  1 51  0.000005 
  113  28.9124 -172.2259 1314693.487 	  2016   1   1  1 52  0.000002 
  114  26.0384 -170.8189 1313681.463 	  2016   1   1  1 52 59.999998 
  115  23.1449 -169.4908 1312734.941 	  2016   1   1  1 53 59.999995 
  116  20.2350 -168.2290 1311863.663 	  2016   1   1  1 54 59.999991 
  117  17.3112 -167.0224 1311076.554 	  2016   1   1  1 55 59.999987 
  118  14.3761 -165.8610 1310381.608 	  2016   1   1  1 56 59.999984 
  119  11.4318 -164.7359 1309785.796 	  2016   1   1  1 57 59.999980 
  120   8.4805 -163.6388 1309294.974 	  2016   1   1  1 59  0.000017 
  121   5.5239 -162.5620 1308913.812 	  2016   1   1  2  0  0.000013 
  122   2.5640 -161.4982 1308645.741 	  2016   1   1  2  1  0.000010 
  123  -0.3976 -160.4404 1308492.908 	  2016   1   1  2  2  0.000006 
  124  -3.3590 -159.3817 1308456.153 	  2016   1   1  2  3  0.000003 
  125  -6.3185 -158.3150 1308534.998 	  2016   1   1  2  3 59.999999 
  126  -9.2743 -157.2332 1308727.664 	  2016   1   1  2  4 59.999996 
  127 -12.2246 -156.1291 1309031.088 	  2016   1   1  2  5 59.999992 
  128 -15.1673 -154.9947 1309440.972 	  2016   1   1  2  6 59.999988 
  129 -18.1006 -153.8216 1309951.837 	  2016   1   1  2  7 59.999985 
  130 -21.0219 -152.6005 1310557.100 	  2016   1   1  2  8 59.999981 
  131 -23.9290 -151.3213 1311249.157 	  2016   1   1  2 10  0.000018 
  132 -26.8189 -149.9724 1312019.487 	  2016   1   1  2 11  0.000014 
  133 -29.6884 -148.5408 1312858.758 	  2016   1   1  2 12  0.000011 
  134 -32.5340 -147.0114 1313756.951 	  2016   1   1  2 13  0.000007 
  135 -35.3513 -145.3671 1314703.485 	  2016   1   1  2 14  0.000004 
  136 -38.1353 -143.5875 1315687.352 	  2016   1   1  2 15  0.000000 
  137 -40.8800 -141.6491 1316697.259 	  2016   1   1  2 15 59.999996 
  138 -43.5782 -139.5242 1317721.759 	  2016   1   1  2 16 59.999993 
  139 -46.2209 -137.1800 1318749.404 	  2016   1   1  2 17 59.999989 
  140 -48.7976 -134.5783 1319768.876 	  2016   1   1  2 18 59.999986 
  141 -51.2949 -131.6742 1320769.127 	  2016   1   1  2 19 59.999982 
  142 -53.6964 -128.4162 1321739.511 	  2016   1   1  2 21  0.000019 
  143 -55.9820 -124.7464 1322669.913 	  2016   1   1  2 22  0.000015 
  144 -58.1269 -120.6022 1323550.859 	  2016   1   1  2 23  0.000012 
  145 -60.1007 -115.9212 1324373.637 	  2016   1   1  2 24  0.000008 
  146 -61.8678 -110.6491 1325130.385 	  2016   1   1  2 25  0.000004 
  147 -63.3871 -104.7540 1325814.186 	  2016   1   1  2 26  0.000001 
  148 -64.6143 -98.2444 1326419.143 	  2016   1   1  2 26 59.999997 
  149 -65.5056 -91.1898 1326940.437 	  2016   1   1  2 27 59.999994 
  150 -66.0237 -83.7323 1327374.383 	  2016   1   1  2 28 59.999990 
  151 -66.1444 -76.0808 1327718.460 	  2016   1   1  2 29 59.999987 
  152 -65.8619 -68.4799 1327971.335 	  2016   1   1  2 30 59.999983 
  153 -65.1900 -61.1649 1328132.866 	  2016   1   1  2 32  0.000020 
  154 -64.1591 -54.3197 1328204.100 	  2016   1   1  2 33  0.000016 
  155 -62.8100 -48.0563 1328187.242 	  2016   1   1  2 34  0.000013 
  156 -61.1874 -42.4171 1328085.627 	  2016   1   1  2 35  0.000009 
  157 -59.3346 -37.3918 1327903.664 	  2016   1   1  2 36  0.000005 
  158 -57.2908 -32.9373 1327646.773 	  2016   1   1  2 37  0.000002 
  159 -55.0893 -28.9947 1327321.312 	  2016   1   1  2 37 59.999998 
  160 -52.7582 -25.5007 1326934.489 	  2016   1   1  2 38 59.999995 
  161 -50.3204 -22.3942 1326494.260 	  2016   1   1  2 39 59.999991 
  162 -47.7943 -19.6199 1326009.226 	  2016   1   1  2 40 59.999987 
  163 -45.1949 -17.1290 1325488.517 	  2016   1   1  2 41 59.999984 
  164 -42.5345 -14.8793 1324941.668 	  2016   1   1  2 42 59.999980 
  165 -39.8229 -12.8351 1324378.489 	  2016   1   1  2 44  0.000017 
  166 -37.0682 -10.9656 1323808.938 	  2016   1   1  2 45  0.000013 
  167 -34.2771  -9.2450 1323242.983 	  2016   1   1  2 46  0.000010 
  168 -31.4551  -7.6511 1322690.472 	  2016   1   1  2 47  0.000006 
  169 -28.6070  -6.1649 1322160.993 	  2016   1   1  2 48  0.000003 
  170 -25.7367  -4.7703 1321663.751 	  2016   1   1  2 48 59.999999 
  171 -22.8476  -3.4530 1321207.435 	  2016   1   1  2 49 59.999996 
  172 -19.9428  -2.2007 1320800.107 	  2016   1   1  2 50 59.999992 
  173 -17.0249  -1.0024 1320449.084 	  2016   1   1  2 51 59.999988 
  174 -14.0961   0.1515 1320160.840 	  2016   1   1  2 52 59.999985 
  175 -11.1588   1.2701 1319940.914 	  2016   1   1  2 53 59.999981 
  176  -8.2148   2.3614 1319793.834 	  2016   1   1  2 55  0.000018 
  177  -5.2661   3.4331 1319723.050 	  2016   1   1  2 56  0.000014 
  178  -2.3144   4.4923 1319730.886 	  2016   1   1  2 57  0.000011 
  179   0.6385   5.5461 1319818.504 	  2016   1   1  2 58  0.000007 
  180   3.5910   6.6013 1319985.885 	  2016   1   1  2 59  0.000004 
  181   6.5413   7.6649 1320231.827 	  2016   1   1  3  0  0.000000 
  182   9.4877   8.7440 1320553.956 	  2016   1   1  3  0 59.999996 
  183  12.4285   9.8458 1320948.757 	  2016   1   1  3  1 59.999993 
  184  15.3615  10.9783 1321411.617 	  2016   1   1  3  2 59.999989 
  185  18.2849  12.1498 1321936.884 	  2016   1   1  3  3 59.999986 
  186  21.1964  13.3695 1322517.941 	  2016   1   1  3  4 59.999982 
  187  24.0936  14.6477 1323147.291 	  2016   1   1  3  6  0.000019 
  188  26.9735  15.9959 1323816.656 	  2016   1   1  3  7  0.000015 
  189  29.8332  17.4271 1324517.082 	  2016   1   1  3  8  0.000012 
  190  32.6690  18.9563 1325239.060 	  2016   1   1  3  9  0.000008 
  191  35.4766  20.6009 1325972.646 	  2016   1   1  3 10  0.000004 
  192  38.2510  22.3810 1326707.592 	  2016   1   1  3 11  0.000001 
  193  40.9862  24.3201 1327433.478 	  2016   1   1  3 11 59.999997 
  194  43.6751  26.4462 1328139.849 	  2016   1   1  3 12 59.999994 
  195  46.3087  28.7918 1328816.348 	  2016   1   1  3 13 59.999990 
  196  48.8765  31.3953 1329452.852 	  2016   1   1  3 14 59.999987 
  197  51.3651  34.3014 1330039.602 	  2016   1   1  3 15 59.999983 
  198  53.7581  37.5617 1330567.328 	  2016   1   1  3 17  0.000020 
  199  56.0354  41.2339 1331027.370 	  2016   1   1  3 18  0.000016 
  200  58.1722  45.3805 1331411.793 	  2016   1   1  3 19  0.000013 
  201  60.1382  50.0637 1331713.486 	  2016   1   1  3 20  0.000009 
  202  61.8977  55.3373 1331926.259 	  2016   1   1  3 21  0.000005 
  203  63.4098  61.2330 1332044.923 	  2016   1   1  3 22  0.000002 
  204  64.6301  67.7414 1332065.365 	  2016   1   1  3 22 59.999998 
  205  65.5151  74.7928 1331984.601 	  2016   1   1  3 23 59.999995 
  206  66.0276  82.2448 1331800.825 	  2016   1   1  3 24 59.999991 
  207  66.1434  89.8888 1331513.435 	  2016   1   1  3 25 59.999987 
  208  65.8568  97.4807 1331123.053 	  2016   1   1  3 26 59.999984 
  209  65.1816 104.7862 1330631.529 	  2016   1   1  3 27 59.999980 
  210  64.1481 111.6224 1330041.922 	  2016   1   1  3 29  0.000017 
  211  62.7970 117.8778 1329358.480 	  2016   1   1  3 30  0.000013 
  212  61.1726 123.5103 1328586.595 	  2016   1   1  3 31  0.000010 
  213  59.3181 128.5303 1327732.749 	  2016   1   1  3 32  0.000006 
  214  57.2725 132.9808 1326804.448 	  2016   1   1  3 33  0.000003 
  215  55.0692 136.9205 1325810.140 	  2016   1   1  3 33 59.999999 
  216  52.7359 140.4125 1324759.120 	  2016   1   1  3 34 59.999996 
  217  50.2955 143.5177 1323661.431 	  2016   1   1  3 35 59.999992 
  218  47.7665 146.2913 1322527.747 	  2016   1   1  3 36 59.999988 
  219  45.1639 148.7820 1321369.255 	  2016   1   1  3 37 59.999985 
  220  42.4997 151.0317 1320197.521 	  2016   1   1  3 38 59.999981 
  221  39.7839 153.0764 1319024.362 	  2016   1   1  3 40  0.000018 
  222  37.0246 154.9466 1317861.700 	  2016   1   1  3 41  0.000014 
  223  34.2284 156.6681 1316721.427 	  2016   1   1  3 42  0.000011 
  224  31.4010 158.2632 1315615.256 	  2016   1   1  3 43  0.000007 
  225  28.5469 159.7506 1314554.589 	  2016   1   1  3 44  0.000004 
  226  25.6703 161.1468 1313550.372 	  2016   1   1  3 45  0.000000 
  227  22.7745 162.4658 1312612.961 	  2016   1   1  3 45 59.999996 
  228  19.8627 163.7200 1311752.002 	  2016   1   1  3 46 59.999993 
  229  16.9373 164.9203 1310976.305 	  2016   1   1  3 47 59.999989 
  230  14.0009 166.0766 1310293.741 	  2016   1   1  3 48 59.999986 
  231  11.0556 167.1977 1309711.141 	  2016   1   1  3 49 59.999982 
  232   8.1035 168.2918 1309234.213 	  2016   1   1  3 51  0.000019 
  233   5.1464 169.3665 1308867.473 	  2016   1   1  3 52  0.000015 
  234   2.1861 170.4291 1308614.188 	  2016   1   1  3 53  0.000012 
  235  -0.7755 171.4867 1308476.340 	  2016   1   1  3 54  0.000008 
  236  -3.7367 172.5460 1308454.598 	  2016   1   1  3 55  0.000004 
  237  -6.6959 173.6143 1308548.320 	  2016   1   1  3 56  0.000001 
  238  -9.6511 174.6984 1308755.557 	  2016   1   1  3 56 59.999997 
  239 -12.6005 175.8060 1309073.088 	  2016   1   1  3 57 59.999994 
  240 -15.5422 176.9448 1309496.458 	  2016   1   1  3 58 59.999990 
  241 -18.4740 178.1235 1310020.042 	  2016   1   1  3 59 59.999987 
  242 -21.3937 179.3514 1310637.121 	  2016   1   1  4  0 59.999983 
  243 -24.2988 -179.3612 1311339.968 	  2016   1   1  4  2  0.000020 
  244 -27.1863 -178.0025 1312119.949 	  2016   1   1  4  3  0.000016 
  245 -30.0530 -176.5592 1312967.639 	  2016   1   1  4  4  0.000013 
  246 -32.8952 -175.0162 1313872.937 	  2016   1   1  4  5  0.000009 
  247 -35.7086 -173.3558 1314825.200 	  2016   1   1  4  6  0.000005 
  248 -38.4879 -171.5573 1315813.374 	  2016   1   1  4  7  0.000002 
  249 -41.2271 -169.5968 1316826.137 	  2016   1   1  4  7 59.999998 
  250 -43.9187 -167.4458 1317852.035 	  2016   1   1  4  8 59.999995 
  251 -46.5537 -165.0710 1318879.626 	  2016   1   1  4  9 59.999991 
  252 -49.1210 -162.4333 1319897.617 	  2016   1   1  4 10 59.999987 
  253 -51.6071 -159.4871 1320895.004 	  2016   1   1  4 11 59.999984 
  254 -53.9950 -156.1799 1321861.202 	  2016   1   1  4 12 59.999980 
  255 -56.2642 -152.4531 1322786.167 	  2016   1   1  4 14  0.000017 
  256 -58.3890 -148.2438 1323660.519 	  2016   1   1  4 15  0.000013 
  257 -60.3385 -143.4901 1324475.645 	  2016   1   1  4 16  0.000010 
  258 -62.0764 -138.1397 1325223.800 	  2016   1   1  4 17  0.000006 
  259 -63.5609 -132.1645 1325898.191 	  2016   1   1  4 18  0.000003 
  260 -64.7476 -125.5801 1326493.054 	  2016   1   1  4 18 59.999999 
  261 -65.5931 -118.4646 1327003.712 	  2016   1   1  4 19 59.999996 
  262 -66.0615 -110.9696 1327426.625 	  2016   1   1  4 20 59.999992 
  263 -66.1307 -103.3107 1327759.423 	  2016   1   1  4 21 59.999988 
  264 -65.7973 -95.7339 1328000.923 	  2016   1   1  4 22 59.999985 
  265 -65.0776 -88.4700 1328151.135 	  2016   1   1  4 23 59.999981 
  266 -64.0037 -81.6944 1328211.254 	  2016   1   1  4 25  0.000018 
  267 -62.6173 -75.5096 1328183.631 	  2016   1   1  4 26  0.000014 
  268 -60.9629 -69.9502 1328071.740 	  2016   1   1  4 27  0.000011 
  269 -59.0837 -65.0006 1327880.122 	  2016   1   1  4 28  0.000007 
  270 -57.0180 -60.6149 1327614.322 	  2016   1   1  4 29  0.000004 
  271 -54.7986 -56.7331 1327280.809 	  2016   1   1  4 30  0.000000 
  272 -52.4527 -53.2918 1326886.891 	  2016   1   1  4 30 59.999996 
  273 -50.0026 -50.2307 1326440.614 	  2016   1   1  4 31 59.999993 
  274 -47.4664 -47.4951 1325950.651 	  2016   1   1  4 32 59.999989 
  275 -44.8586 -45.0371 1325426.191 	  2016   1   1  4 33 59.999986 
  276 -42.1912 -42.8156 1324876.810 	  2016   1   1  4 34 59.999982 
  277 -39.4737 -40.7952 1324312.344 	  2016   1   1  4 36  0.000019 
  278 -36.7140 -38.9461 1323742.761 	  2016   1   1  4 37  0.000015 
  279 -33.9186 -37.2428 1323178.020 	  2016   1   1  4 38  0.000012 
  280 -31.0931 -35.6636 1322627.941 	  2016   1   1  4 39  0.000008 
  281 -28.2420 -34.1900 1322102.073 	  2016   1   1  4 40  0.000004 
  282 -25.3691 -32.8060 1321609.561 	  2016   1   1  4 41  0.000001 
  283 -22.4779 -31.4977 1321159.021 	  2016   1   1  4 41 59.999997 
  284 -19.5712 -30.2529 1320758.424 	  2016   1   1  4 42 59.999994 
  285 -16.6518 -29.0608 1320414.988 	  2016   1   1  4 43 59.999990 
  286 -13.7219 -27.9118 1320135.070 	  2016   1   1  4 44 59.999987 
  287 -10.7836 -26.7972 1319924.087 	  2016   1   1  4 45 59.999983 
  288  -7.8389 -25.7088 1319786.431 	  2016   1   1  4 47  0.000020 
  289  -4.8897 -24.6391 1319725.412 	  2016   1   1  4 48  0.000016 
  290  -1.9378 -23.5810 1319743.208 	  2016   1   1  4 49  0.000013 
  291   1.0152 -22.5274 1319840.832 	  2016   1   1  4 50  0.000009 
  292   3.9675 -21.4714 1320018.114 	  2016   1   1  4 51  0.000005 
  293   6.9174 -20.4062 1320273.702 	  2016   1   1  4 52  0.000002 
  294   9.8632 -19.3247 1320605.076 	  2016   1   1  4 52 59.999998 
  295  12.8031 -18.2194 1321008.579 	  2016   1   1  4 53 59.999995 
  296  15.7350 -17.0825 1321479.461 	  2016   1   1  4 54 59.999991 
  297  18.6570 -15.9054 1322011.945 	  2016   1   1  4 55 59.999987 
  298  21.5668 -14.6788 1322599.298 	  2016   1   1  4 56 59.999984 
  299  24.4619 -13.3923 1323233.918 	  2016   1   1  4 57 59.999980 
  300  27.3395 -12.0343 1323907.435 	  2016   1   1  4 59  0.000017 
  301  30.1964 -10.5914 1324610.820 	  2016   1   1  5  0  0.000013 
  302  33.0288  -9.0485 1325334.501 	  2016   1   1  5  1  0.000010 
  303  35.8324  -7.3879 1326068.491 	  2016   1   1  5  2  0.000006 
  304  38.6022  -5.5889 1326802.511 	  2016   1   1  5  3  0.000003 
  305  41.3319  -3.6275 1327526.132 	  2016   1   1  5  3 59.999999 
  306  44.0143  -1.4754 1328228.906 	  2016   1   1  5  4 59.999996 
  307  46.6402   0.9008 1328900.497 	  2016   1   1  5  5 59.999992 
  308  49.1986   3.5403 1329530.825 	  2016   1   1  5  6 59.999988 
  309  51.6760   6.4886 1330110.185 	  2016   1   1  5  7 59.999985 
  310  54.0555   9.7980 1330629.381 	  2016   1   1  5  8 59.999981 
  311  56.3163  13.5273 1331079.841 	  2016   1   1  5 10  0.000018 
  312  58.4331  17.7389 1331453.730 	  2016   1   1  5 11  0.000014 
  313  60.3749  22.4947 1331744.049 	  2016   1   1  5 12  0.000011 
  314  62.1053  27.8466 1331944.735 	  2016   1   1  5 13  0.000007 
  315  63.5826  33.8220 1332050.733 	  2016   1   1  5 14  0.000004 
  316  64.7625  40.4050 1332058.071 	  2016   1   1  5 15  0.000000 
  317  65.6019  47.5170 1331963.915 	  2016   1   1  5 15 59.999996 
  318  66.0647  55.0062 1331766.611 	  2016   1   1  5 16 59.999993 
  319  66.1291  62.6574 1331465.715 	  2016   1   1  5 17 59.999989 
  320  65.7918  70.2251 1331062.007 	  2016   1   1  5 18 59.999986 
  321  65.0689  77.4796 1330557.491 	  2016   1   1  5 19 59.999982 
  322  63.9925  84.2463 1329955.382 	  2016   1   1  5 21  0.000019 
  323  62.6040  90.4233 1329260.077 	  2016   1   1  5 22  0.000015 
  324  60.9479  95.9762 1328477.111 	  2016   1   1  5 23  0.000012 
  325  59.0670 100.9207 1327613.102 	  2016   1   1  5 24  0.000008 
  326  56.9996 105.3026 1326675.681 	  2016   1   1  5 25  0.000004 
  327  54.7782 109.1817 1325673.410 	  2016   1   1  5 26  0.000001 
  328  52.4301 112.6211 1324615.687 	  2016   1   1  5 26 59.999997 
  329  49.9775 115.6810 1323512.641 	  2016   1   1  5 27 59.999994 
  330  47.4383 118.4160 1322375.021 	  2016   1   1  5 28 59.999990 
  331  44.8272 120.8737 1321214.068 	  2016   1   1  5 29 59.999987 
  332  42.1559 123.0954 1320041.390 	  2016   1   1  5 30 59.999983 
  333  39.4342 125.1163 1318868.824 	  2016   1   1  5 32  0.000020 
  334  36.6698 126.9661 1317708.297 	  2016   1   1  5 33  0.000016 
  335  33.8693 128.6704 1316571.686 	  2016   1   1  5 34  0.000013 
  336  31.0382 130.2507 1315470.674 	  2016   1   1  5 35  0.000009 
  337  28.1811 131.7257 1314416.611 	  2016   1   1  5 36  0.000005 
  338  25.3018 133.1113 1313420.374 	  2016   1   1  5 37  0.000002 
  339  22.4039 134.4213 1312492.238 	  2016   1   1  5 37 59.999998 
  340  19.4901 135.6681 1311641.746 	  2016   1   1  5 38 59.999995 
  341  16.5632 136.8623 1310877.596 	  2016   1   1  5 39 59.999991 
  342  13.6256 138.0136 1310207.530 	  2016   1   1  5 40 59.999987 
  343  10.6793 139.1308 1309638.240 	  2016   1   1  5 41 59.999984 
  344   7.7264 140.2220 1309175.286 	  2016   1   1  5 42 59.999980 
  345   4.7688 141.2948 1308823.026 	  2016   1   1  5 44  0.000017 
  346   1.8083 142.3564 1308584.565 	  2016   1   1  5 45  0.000013 
  347  -1.1534 143.4138 1308461.717 	  2016   1   1  5 46  0.000010 
  348  -4.1145 144.4739 1308454.984 	  2016   1   1  5 47  0.000006 
  349  -7.0732 145.5437 1308563.554 	  2016   1   1  5 48  0.000003 
  350 -10.0278 146.6305 1308785.315 	  2016   1   1  5 48 59.999999 
  351 -12.9764 147.7416 1309116.883 	  2016   1   1  5 49 59.999996 
  352 -15.9169 148.8850 1309553.651 	  2016   1   1  5 50 59.999992 
  353 -18.8473 150.0695 1310089.848 	  2016   1   1  5 51 59.999988 
  354 -21.7653 151.3043 1310718.621 	  2016   1   1  5 52 59.999985 
  355 -24.6683 152.6002 1311432.119 	  2016   1   1  5 53 59.999981 
  356 -27.5533 153.9689 1312221.601 	  2016   1   1  5 55  0.000018 
  357 -30.4171 155.4240 1313077.547 	  2016   1   1  5 56  0.000014 
  358 -33.2559 156.9809 1313989.779 	  2016   1   1  5 57  0.000011 
  359 -36.0652 158.6578 1314947.592 	  2016   1   1  5 58  0.000007 
  360 -38.8398 160.4755 1315939.890 	  2016   1   1  5 59  0.000004 
  361 -41.5734 162.4586 1316955.324 	  2016   1   1  6  0  0.000000 
  362 -44.2583 164.6362 1317982.433 	  2016   1   1  6  0 59.999996 
  363 -46.8853 167.0422 1319009.786 	  2016   1   1  6  1 59.999993 
  364 -49.4431 169.7166 1320026.117 	  2016   1   1  6  2 59.999989 
  365 -51.9176 172.7059 1321020.468 	  2016   1   1  6  3 59.999986 
  366 -54.2917 176.0632 1321982.315 	  2016   1   1  6  4 59.999982 
  367 -56.5439 179.8481 1322901.691 	  2016   1   1  6  6  0.000019 
  368 -58.6482 -175.8765 1323769.306 	  2016   1   1  6  7  0.000015 
  369 -60.5729 -171.0492 1324576.653 	  2016   1   1  6  8  0.000012 
  370 -62.2808 -165.6199 1325316.101 	  2016   1   1  6  9  0.000008 
  371 -63.7298 -159.5651 1325980.986 	  2016   1   1  6 10  0.000004 
  372 -64.8753 -152.9070 1326565.676 	  2016   1   1  6 11  0.000001 
  373 -65.6745 -145.7331 1327065.638 	  2016   1   1  6 11 59.999997 
  374 -66.0928 -138.2042 1327477.478 	  2016   1   1  6 12 59.999994 
  375 -66.1104 -130.5419 1327798.974 	  2016   1   1  6 13 59.999990 
  376 -65.7264 -122.9931 1328029.095 	  2016   1   1  6 14 59.999987 
  377 -64.9595 -115.7832 1328168.004 	  2016   1   1  6 15 59.999983 
  378 -63.8433 -109.0788 1328217.043 	  2016   1   1  6 17  0.000020 
  379 -62.4201 -102.9732 1328178.708 	  2016   1   1  6 18  0.000016 
  380 -60.7348 -97.4933 1328056.611 	  2016   1   1  6 19  0.000013 
  381 -58.8298 -92.6187 1327855.425 	  2016   1   1  6 20  0.000009 
  382 -56.7427 -88.3007 1327580.815 	  2016   1   1  6 21  0.000005 
  383 -54.5058 -84.4786 1327239.365 	  2016   1   1  6 22  0.000002 
  384 -52.1455 -81.0891 1326838.479 	  2016   1   1  6 22 59.999998 
  385 -49.6835 -78.0724 1326386.290 	  2016   1   1  6 23 59.999995 
  386 -47.1374 -75.3748 1325891.544 	  2016   1   1  6 24 59.999991 
  387 -44.5214 -72.9492 1325363.484 	  2016   1   1  6 25 59.999987 
  388 -41.8471 -70.7551 1324811.726 	  2016   1   1  6 26 59.999984 
  389 -39.1238 -68.7582 1324246.131 	  2016   1   1  6 27 59.999980 
  390 -36.3592 -66.9290 1323676.672 	  2016   1   1  6 29  0.000017 
  391 -33.5597 -65.2427 1323113.299 	  2016   1   1  6 30  0.000013 
  392 -30.7307 -63.6780 1322565.804 	  2016   1   1  6 31  0.000010 
  393 -27.8766 -62.2166 1322043.691 	  2016   1   1  6 32  0.000006 
  394 -25.0012 -60.8430 1321556.044 	  2016   1   1  6 33  0.000003 
  395 -22.1079 -59.5434 1321111.404 	  2016   1   1  6 33 59.999999 
  396 -19.1994 -58.3059 1320717.652 	  2016   1   1  6 34 59.999996 
  397 -16.2785 -57.1198 1320381.900 	  2016   1   1  6 35 59.999992 
  398 -13.3474 -55.9757 1320110.393 	  2016   1   1  6 36 59.999988 
  399 -10.4082 -54.8649 1319908.418 	  2016   1   1  6 37 59.999985 
  400  -7.4629 -53.7793 1319780.236 	  2016   1   1  6 38 59.999981 
  401  -4.5133 -52.7115 1319729.013 	  2016   1   1  6 40  0.000018 
  402  -1.5611 -51.6543 1319756.781 	  2016   1   1  6 41  0.000014 
  403   1.3919 -50.6008 1319864.404 	  2016   1   1  6 42  0.000011 
  404   4.3440 -49.5440 1320051.561 	  2016   1   1  6 43  0.000007 
  405   7.2935 -48.4772 1320316.750 	  2016   1   1  6 44  0.000004 
  406  10.2386 -47.3930 1320657.305 	  2016   1   1  6 45  0.000000 
  407  13.1775 -46.2842 1321069.428 	  2016   1   1  6 45 59.999996 
  408  16.1083 -45.1426 1321548.235 	  2016   1   1  6 46 59.999993 
  409  19.0289 -43.9597 1322087.824 	  2016   1   1  6 47 59.999989 
  410  21.9370 -42.7261 1322681.345 	  2016   1   1  6 48 59.999986 
  411  24.8300 -41.4311 1323321.096 	  2016   1   1  6 49 59.999982 
  412  27.7051 -40.0631 1323998.616 	  2016   1   1  6 51  0.000019 
  413  30.5591 -38.6084 1324704.801 	  2016   1   1  6 52  0.000015 
  414  33.3881 -37.0515 1325430.021 	  2016   1   1  6 53  0.000012 
  415  36.1877 -35.3744 1326164.244 	  2016   1   1  6 54  0.000008 
  416  38.9527 -33.5561 1326897.168 	  2016   1   1  6 55  0.000004 
  417  41.6769 -31.5721 1327618.353 	  2016   1   1  6 56  0.000001 
  418  44.3525 -29.3934 1328317.359 	  2016   1   1  6 56 59.999997 
  419  46.9705 -26.9859 1328983.878 	  2016   1   1  6 57 59.999994 
  420  49.5194 -24.3097 1329607.870 	  2016   1   1  6 58 59.999990 
  421  51.9853 -21.3184 1330179.691 	  2016   1   1  6 59 59.999987 
  422  54.3509 -17.9587 1330690.218 	  2016   1   1  7  0 59.999983 
  423  56.5949 -14.1715 1331130.968 	  2016   1   1  7  2  0.000020 
  424  58.6912  -9.8938 1331494.208 	  2016   1   1  7  3  0.000016 
  425  60.6082  -5.0645 1331773.057 	  2016   1   1  7  4  0.000013 
  426  62.3087   0.3661 1331961.574 	  2016   1   1  7  5  0.000009 
  427  63.7506   6.4210 1332054.842 	  2016   1   1  7  6  0.000005 
  428  64.8894  13.0774 1332049.032 	  2016   1   1  7  7  0.000002 
  429  65.6824  20.2475 1331941.458 	  2016   1   1  7  7 59.999998 
  430  66.0953  27.7704 1331730.622 	  2016   1   1  7  8 59.999995 
  431  66.1082  35.4247 1331416.235 	  2016   1   1  7  9 59.999991 
  432  65.7205  42.9643 1330999.236 	  2016   1   1  7 10 59.999987 
  433  64.9505  50.1649 1330481.784 	  2016   1   1  7 11 59.999984 
  434  63.8318  56.8605 1329867.248 	  2016   1   1  7 12 59.999980 
  435  62.4067  62.9586 1329160.173 	  2016   1   1  7 14  0.000017 
  436  60.7196  68.4322 1328366.238 	  2016   1   1  7 15  0.000013 
  437  58.8129  73.3019 1327492.194 	  2016   1   1  7 16  0.000010 
  438  56.7241  77.6162 1326545.797 	  2016   1   1  7 17  0.000006 
  439  54.4852  81.4357 1325535.721 	  2016   1   1  7 18  0.000003 
  440  52.1226  84.8235 1324471.464 	  2016   1   1  7 18 59.999999 
  441  49.6580  87.8391 1323363.242 	  2016   1   1  7 19 59.999996 
  442  47.1089  90.5361 1322221.873 	  2016   1   1  7 20 59.999992 
  443  44.4895  92.9616 1321058.654 	  2016   1   1  7 21 59.999988 
  444  41.8113  95.1559 1319885.230 	  2016   1   1  7 22 59.999985 
  445  39.0837  97.1534 1318713.457 	  2016   1   1  7 23 59.999981 
  446  36.3144  98.9833 1317555.265 	  2016   1   1  7 25  0.000018 
  447  33.5097 100.6707 1316422.513 	  2016   1   1  7 26  0.000014 
  448  30.6751 102.2366 1315326.850 	  2016   1   1  7 27  0.000011 
  449  27.8149 103.6993 1314279.573 	  2016   1   1  7 28  0.000007 
  450  24.9331 105.0745 1313291.490 	  2016   1   1  7 29  0.000004 
  451  22.0329 106.3758 1312372.789 	  2016   1   1  7 30  0.000000 
  452  19.1174 107.6153 1311532.913 	  2016   1   1  7 30 59.999996 
  453  16.1890 108.8035 1310780.442 	  2016   1   1  7 31 59.999993 
  454  13.2501 109.9500 1310122.989 	  2016   1   1  7 32 59.999989 
  455  10.3029 111.0635 1309567.106 	  2016   1   1  7 33 59.999986 
  456   7.3493 112.1519 1309118.202 	  2016   1   1  7 34 59.999982 
  457   4.3912 113.2229 1308780.478 	  2016   1   1  7 36  0.000019 
  458   1.4304 114.2836 1308556.875 	  2016   1   1  7 37  0.000015 
  459  -1.5313 115.3409 1308449.040 	  2016   1   1  7 38  0.000012 
  460  -4.4922 116.4019 1308457.307 	  2016   1   1  7 39  0.000008 
  461  -7.4505 117.4735 1308580.697 	  2016   1   1  7 40  0.000004 
  462 -10.4044 118.5629 1308816.931 	  2016   1   1  7 41  0.000001 
  463 -13.3521 119.6777 1309162.466 	  2016   1   1  7 41 59.999997 
  464 -16.2915 120.8259 1309612.541 	  2016   1   1  7 42 59.999994 
  465 -19.2204 122.0162 1310161.244 	  2016   1   1  7 43 59.999990 
  466 -22.1366 123.2583 1310801.585 	  2016   1   1  7 44 59.999987 
  467 -25.0375 124.5627 1311525.596 	  2016   1   1  7 45 59.999983 
  468 -27.9200 125.9417 1312324.426 	  2016   1   1  7 47  0.000020 
  469 -30.7808 127.4088 1313188.464 	  2016   1   1  7 48  0.000016 
  470 -33.6161 128.9800 1314107.457 	  2016   1   1  7 49  0.000013 
  471 -36.4214 130.6736 1315070.641 	  2016   1   1  7 50  0.000009 
  472 -39.1911 132.5110 1316066.879 	  2016   1   1  7 51  0.000005 
  473 -41.9189 134.5173 1317084.799 	  2016   1   1  7 52  0.000002 
  474 -44.5969 136.7220 1318112.934 	  2016   1   1  7 52 59.999998 
  475 -47.2158 139.1599 1319139.864 	  2016   1   1  7 53 59.999995 
  476 -49.7638 141.8717 1320154.357 	  2016   1   1  7 54 59.999991 
  477 -52.2266 144.9049 1321145.500 	  2016   1   1  7 55 59.999987 
  478 -54.5864 148.3134 1322102.832 	  2016   1   1  7 56 59.999984 
  479 -56.8213 152.1573 1323016.466 	  2016   1   1  7 57 59.999980 
  480 -58.9045 156.4998 1323877.204 	  2016   1   1  7 59  0.000017 
  481 -60.8037 161.4015 1324676.646 	  2016   1   1  8  0  0.000013 
  482 -62.4811 166.9101 1325407.278 	  2016   1   1  8  1  0.000010 
  483 -63.8938 173.0443 1326062.562 	  2016   1   1  8  2  0.000006 
  484 -64.9974 179.7746 1326637.004 	  2016   1   1  8  3  0.000003 
  485 -65.7496 -172.9958 1327126.211 	  2016   1   1  8  3 59.999999 
  486 -66.1175 -165.4365 1327526.937 	  2016   1   1  8  4 59.999996 
  487 -66.0835 -157.7750 1327837.111 	  2016   1   1  8  5 59.999992 
  488 -65.6493 -150.2579 1328055.854 	  2016   1   1  8  6 59.999988 
  489 -64.8356 -143.1047 1328183.477 	  2016   1   1  8  7 59.999985 
  490 -63.6778 -136.4731 1328221.472 	  2016   1   1  8  8 59.999981 
  491 -62.2187 -130.4470 1328172.480 	  2016   1   1  8 10  0.000018 
  492 -60.5031 -125.0463 1328040.249 	  2016   1   1  8 11  0.000014 
  493 -58.5728 -120.2458 1327829.582 	  2016   1   1  8 12  0.000011 
  494 -56.4650 -115.9946 1327546.267 	  2016   1   1  8 13  0.000007 
  495 -54.2109 -112.2312 1327196.994 	  2016   1   1  8 14  0.000004 
  496 -51.8365 -108.8925 1326789.269 	  2016   1   1  8 15  0.000000 
  497 -49.3629 -105.9194 1326331.306 	  2016   1   1  8 15 59.999996 
  498 -46.8072 -103.2589 1325831.921 	  2016   1   1  8 16 59.999993 
  499 -44.1832 -100.8650 1325300.412 	  2016   1   1  8 17 59.999989 
  500 -41.5021 -98.6979 1324746.434 	  2016   1   1  8 18 59.999986 
  501 -38.7732 -96.7239 1324179.867 	  2016   1   1  8 19 59.999982 
  502 -36.0038 -94.9142 1323610.690 	  2016   1   1  8 21  0.000019 
  503 -33.2003 -93.2445 1323048.839 	  2016   1   1  8 22  0.000015 
  504 -30.3679 -91.6940 1322504.078 	  2016   1   1  8 23  0.000012 
  505 -27.5108 -90.2447 1321985.862 	  2016   1   1  8 24  0.000008 
  506 -24.6330 -88.8812 1321503.214 	  2016   1   1  8 25  0.000004 
  507 -21.7376 -87.5902 1321064.597 	  2016   1   1  8 26  0.000001 
  508 -18.8274 -86.3598 1320677.801 	  2016   1   1  8 26 59.999997 
  509 -15.9051 -85.1796 1320349.831 	  2016   1   1  8 27 59.999994 
  510 -12.9729 -84.0402 1320086.815 	  2016   1   1  8 28 59.999990 
  511 -10.0328 -82.9330 1319893.915 	  2016   1   1  8 29 59.999987 
  512  -7.0868 -81.8500 1319775.253 	  2016   1   1  8 30 59.999983 
  513  -4.1368 -80.7840 1319733.855 	  2016   1   1  8 32  0.000020 
  514  -1.1844 -79.7276 1319771.605 	  2016   1   1  8 33  0.000016 
  515   1.7686 -78.6741 1319889.217 	  2016   1   1  8 34  0.000013 
  516   4.7204 -77.6165 1320086.220 	  2016   1   1  8 35  0.000009 
  517   7.6694 -76.5478 1320360.963 	  2016   1   1  8 36  0.000005 
  518  10.6139 -75.4610 1320710.634 	  2016   1   1  8 37  0.000002 
  519  13.5519 -74.3484 1321131.294 	  2016   1   1  8 37 59.999998 
  520  16.4815 -73.2020 1321617.928 	  2016   1   1  8 38 59.999995 
  521  19.4006 -72.0132 1322164.506 	  2016   1   1  8 39 59.999991 
  522  22.3069 -70.7724 1322764.068 	  2016   1   1  8 40 59.999987 
  523  25.1978 -69.4688 1323408.808 	  2016   1   1  8 41 59.999984 
  524  28.0704 -68.0905 1324090.180 	  2016   1   1  8 42 59.999980 
  525  30.9214 -66.6236 1324799.007 	  2016   1   1  8 44  0.000017 
  526  33.7469 -65.0525 1325525.600 	  2016   1   1  8 45  0.000013 
  527  36.5425 -63.3586 1326259.887 	  2016   1   1  8 46  0.000010 
  528  39.3026 -61.5207 1326991.543 	  2016   1   1  8 47  0.000006 
  529  42.0210 -59.5135 1327710.120 	  2016   1   1  8 48  0.000003 
  530  44.6899 -57.3076 1328405.190 	  2016   1   1  8 48 59.999999 
  531  47.2997 -54.8682 1329066.472 	  2016   1   1  8 49 59.999996 
  532  49.8389 -52.1545 1329683.971 	  2016   1   1  8 50 59.999992 
  533  52.2930 -49.1193 1330248.104 	  2016   1   1  8 51 59.999988 
  534  54.6444 -45.7085 1330749.823 	  2016   1   1  8 52 59.999985 
  535  56.8711 -41.8623 1331180.738 	  2016   1   1  8 53 59.999981 
  536  58.9464 -37.5175 1331533.219 	  2016   1   1  8 55  0.000018 
  537  60.8380 -32.6139 1331800.500 	  2016   1   1  8 56  0.000014 
  538  62.5079 -27.1042 1331976.770 	  2016   1   1  8 57  0.000011 
  539  63.9136 -20.9700 1332057.247 	  2016   1   1  8 58  0.000007 
  540  65.0106 -14.2417 1332038.246 	  2016   1   1  8 59  0.000004 
  541  65.7568  -7.0162 1331917.232 	  2016   1   1  9  0  0.000000 
  542  66.1194   0.5367 1331692.861 	  2016   1   1  9  0 59.999996 
  543  66.0808   8.1901 1331365.001 	  2016   1   1  9  1 59.999993 
  544  65.6429  15.6980 1330934.748 	  2016   1   1  9  2 59.999989 
  545  64.8263  22.8419 1330404.417 	  2016   1   1  9  3 59.999986 
  546  63.6661  29.4649 1329777.531 	  2016   1   1  9  4 59.999982 
  547  62.2051  35.4836 1329058.783 	  2016   1   1  9  6  0.000019 
  548  60.4878  40.8783 1328253.992 	  2016   1   1  9  7  0.000015 
  549  58.5558  45.6741 1327370.044 	  2016   1   1  9  8  0.000012 
  550  56.4462  49.9218 1326414.816 	  2016   1   1  9  9  0.000008 
  551  54.1902  53.6828 1325397.093 	  2016   1   1  9 10  0.000004 
  552  51.8135  57.0199 1324326.474 	  2016   1   1  9 11  0.000001 
  553  49.3372  59.9920 1323213.256 	  2016   1   1  9 11 59.999997 
  554  46.7784  62.6519 1322068.328 	  2016   1   1  9 12 59.999994 
  555  44.1509  65.0458 1320903.038 	  2016   1   1  9 13 59.999990 
  556  41.4659  67.2132 1319729.066 	  2016   1   1  9 14 59.999987 
  557  38.7325  69.1878 1318558.286 	  2016   1   1  9 15 59.999983 
  558  35.9584  70.9982 1317402.627 	  2016   1   1  9 17  0.000020 
  559  33.1496  72.6689 1316273.929 	  2016   1   1  9 18  0.000016 
  560  30.3115  74.2207 1315183.805 	  2016   1   1  9 19  0.000013 
  561  27.4483  75.6715 1314143.496 	  2016   1   1  9 20  0.000009 
  562  24.5640  77.0365 1313163.740 	  2016   1   1  9 21  0.000005 
  563  21.6617  78.3294 1312254.635 	  2016   1   1  9 22  0.000002 
  564  18.7444  79.5617 1311425.520 	  2016   1   1  9 22 59.999998 
  565  15.8145  80.7441 1310684.857 	  2016   1   1  9 23 59.999995 
  566  12.8745  81.8859 1310040.130 	  2016   1   1  9 24 59.999991 
  567   9.9263  82.9957 1309497.748 	  2016   1   1  9 25 59.999987 
  568   6.9720  84.0816 1309062.968 	  2016   1   1  9 26 59.999984 
  569   4.0135  85.1508 1308739.834 	  2016   1   1  9 27 59.999980 
  570   1.0525  86.2107 1308531.122 	  2016   1   1  9 29  0.000017 
  571  -1.9092  87.2681 1308438.312 	  2016   1   1  9 30  0.000013 
  572  -4.8699  88.3301 1308461.568 	  2016   1   1  9 31  0.000010 
  573  -7.8277  89.4035 1308599.744 	  2016   1   1  9 32  0.000006 
  574 -10.7810  90.4958 1308850.398 	  2016   1   1  9 33  0.000003 
  575 -13.7277  91.6144 1309209.827 	  2016   1   1  9 33 59.999999 
  576 -16.6659  92.7674 1309673.118 	  2016   1   1  9 34 59.999996 
  577 -19.5933  93.9638 1310234.215 	  2016   1   1  9 35 59.999992 
  578 -22.5077  95.2132 1310885.999 	  2016   1   1  9 36 59.999988 
  579 -25.4064  96.5265 1311620.380 	  2016   1   1  9 37 59.999985 
  580 -28.2864  97.9159 1312428.405 	  2016   1   1  9 38 59.999981 
  581 -31.1442  99.3954 1313300.371 	  2016   1   1  9 40  0.000018 
  582 -33.9759 100.9811 1314225.952 	  2016   1   1  9 41  0.000014 
  583 -36.7769 102.6918 1315194.327 	  2016   1   1  9 42  0.000011 
  584 -39.5417 104.5492 1316194.321 	  2016   1   1  9 43  0.000007 
  585 -42.2636 106.5791 1317214.540 	  2016   1   1  9 44  0.000004 
  586 -44.9347 108.8115 1318243.515 	  2016   1   1  9 45  0.000000 
  587 -47.5452 111.2820 1319269.842 	  2016   1   1  9 45 59.999996 
  588 -50.0832 114.0321 1320282.318 	  2016   1   1  9 46 59.999993 
  589 -52.5339 117.1100 1321270.082 	  2016   1   1  9 47 59.999989 
  590 -54.8790 120.5706 1322222.737 	  2016   1   1  9 48 59.999986 
  591 -57.0962 124.4746 1323130.478 	  2016   1   1  9 49 59.999982 
  592 -59.1578 128.8852 1323984.201 	  2016   1   1  9 51  0.000019 
  593 -61.0310 133.8622 1324775.613 	  2016   1   1  9 52  0.000015 
  594 -62.6770 139.4504 1325497.320 	  2016   1   1  9 53  0.000012 
  595 -64.0528 145.6636 1326142.911 	  2016   1   1  9 54  0.000008 
  596 -65.1137 152.4645 1326707.030 	  2016   1   1  9 55  0.000004 
  597 -65.8185 159.7471 1327185.426 	  2016   1   1  9 56  0.000001 
  598 -66.1357 167.3328 1327575.002 	  2016   1   1  9 56 59.999997 
  599 -66.0500 174.9896 1327873.836 	  2016   1   1  9 57 59.999994 
  600 -65.5659 -177.5286 1328081.201 	  2016   1   1  9 58 59.999990 
  601 -64.7061 -170.4348 1328197.559 	  2016   1   1  9 59 59.999987 
  602 -63.5074 -163.8773 1328224.550 	  2016   1   1 10  0 59.999983 
  603 -62.0131 -157.9310 1328164.956 	  2016   1   1 10  2  0.000020 
  604 -60.2678 -152.6090 1328022.665 	  2016   1   1 10  3  0.000016 
  605 -58.3130 -147.8818 1327802.608 	  2016   1   1 10  4  0.000013 
  606 -56.1849 -143.6964 1327510.690 	  2016   1   1 10  5  0.000009 
  607 -53.9141 -139.9907 1327153.713 	  2016   1   1 10  6  0.000005 
  608 -51.5260 -136.7018 1326739.277 	  2016   1   1 10  7  0.000002 
  609 -49.0410 -133.7714 1326275.678 	  2016   1   1 10  7 59.999998 
  610 -46.4759 -131.1474 1325771.802 	  2016   1   1 10  8 59.999995 
  611 -43.8440 -128.7845 1325236.996 	  2016   1   1 10  9 59.999991 
  612 -41.1564 -126.6438 1324680.952 	  2016   1   1 10 10 59.999987 
  613 -38.4219 -124.6922 1324113.572 	  2016   1   1 10 11 59.999984 
  614 -35.6479 -122.9017 1323544.833 	  2016   1   1 10 12 59.999980 
  615 -32.8404 -121.2483 1322984.658 	  2016   1   1 10 14  0.000017 
  616 -30.0046 -119.7116 1322442.779 	  2016   1   1 10 15  0.000013 
  617 -27.1447 -118.2741 1321928.603 	  2016   1   1 10 16  0.000010 
  618 -24.2645 -116.9206 1321451.087 	  2016   1   1 10 17  0.000006 
  619 -21.3670 -115.6379 1321018.616 	  2016   1   1 10 18  0.000003 
  620 -18.4552 -114.4145 1320638.884 	  2016   1   1 10 18 59.999999 
  621 -15.5315 -113.2400 1320318.791 	  2016   1   1 10 19 59.999996 
  622 -12.5982 -112.1051 1320064.346 	  2016   1   1 10 20 59.999992 
  623  -9.6572 -111.0015 1319880.582 	  2016   1   1 10 21 59.999988 
  624  -6.7106 -109.9211 1319771.486 	  2016   1   1 10 22 59.999985 
  625  -3.7602 -108.8567 1319739.939 	  2016   1   1 10 23 59.999981 
  626  -0.8077 -107.8011 1319787.679 	  2016   1   1 10 25  0.000018 
  627   2.1452 -106.7474 1319915.269 	  2016   1   1 10 26  0.000014 
  628   5.0968 -105.6888 1320122.087 	  2016   1   1 10 27  0.000011 
  629   8.0454 -104.6182 1320406.335 	  2016   1   1 10 28  0.000007 
  630  10.9891 -103.5284 1320765.055 	  2016   1   1 10 29  0.000004 
  631  13.9261 -102.4120 1321194.167 	  2016   1   1 10 30  0.000000 
  632  16.8545 -101.2607 1321688.525 	  2016   1   1 10 30 59.999996 
  633  19.7721 -100.0658 1322241.977 	  2016   1   1 10 31 59.999993 
  634  22.6766 -98.8176 1322847.449 	  2016   1   1 10 32 59.999989 
  635  25.5653 -97.5052 1323497.038 	  2016   1   1 10 33 59.999986 
  636  28.4354 -96.1164 1324182.110 	  2016   1   1 10 34 59.999982 
  637  31.2833 -94.6372 1324893.418 	  2016   1   1 10 36  0.000019 
  638  34.1053 -93.0514 1325621.219 	  2016   1   1 10 37  0.000015 
  639  36.8966 -91.3405 1326355.401 	  2016   1   1 10 38  0.000012 
  640  39.6519 -89.4824 1327085.616 	  2016   1   1 10 39  0.000008 
  641  42.3644 -87.4516 1327801.416 	  2016   1   1 10 40  0.000004 
  642  45.0263 -85.2180 1328492.381 	  2016   1   1 10 41  0.000001 
  643  47.6278 -82.7460 1329148.263 	  2016   1   1 10 41 59.999997 
  644  50.1570 -79.9941 1329759.112 	  2016   1   1 10 42 59.999994 
  645  52.5991 -76.9141 1330315.409 	  2016   1   1 10 43 59.999990 
  646  54.9359 -73.4512 1330808.184 	  2016   1   1 10 44 59.999987 
  647  57.1449 -69.5449 1331229.139 	  2016   1   1 10 45 59.999983 
  648  59.1987 -65.1320 1331570.750 	  2016   1   1 10 47  0.000020 
  649  61.0642 -60.1533 1331826.371 	  2016   1   1 10 48  0.000016 
  650  62.7028 -54.5641 1331990.316 	  2016   1   1 10 49  0.000013 
  651  64.0716 -48.3513 1332057.943 	  2016   1   1 10 50  0.000009 
  652  65.1261 -41.5526 1332025.712 	  2016   1   1 10 51  0.000005 
  653  65.8249 -34.2744 1331891.238 	  2016   1   1 10 52  0.000002 
  654  66.1369 -26.6952 1331653.332 	  2016   1   1 10 52 59.999998 
  655  66.0469 -19.0468 1331312.019 	  2016   1   1 10 53 59.999995 
  656  65.5592 -11.5742 1330868.552 	  2016   1   1 10 54 59.999991 
  657  64.6966  -4.4896 1330325.403 	  2016   1   1 10 55 59.999987 
  658  63.4955   2.0595 1329686.246 	  2016   1   1 10 56 59.999984 
  659  61.9993   7.9985 1328955.923 	  2016   1   1 10 57 59.999980 
  660  60.2524  13.3147 1328140.392 	  2016   1   1 10 59  0.000017 
  661  58.2959  18.0374 1327246.671 	  2016   1   1 11  0  0.000013 
  662  56.1659  22.2195 1326282.758 	  2016   1   1 11  1  0.000010 
  663  53.8932  25.9230 1325257.551 	  2016   1   1 11  2  0.000006 
  664  51.5027  29.2103 1324180.740 	  2016   1   1 11  3  0.000003 
  665  49.0150  32.1398 1323062.710 	  2016   1   1 11  3 59.999999 
  666  46.4467  34.7634 1321914.412 	  2016   1   1 11  4 59.999996 
  667  43.8113  37.1263 1320747.246 	  2016   1   1 11  5 59.999992 
  668  41.1196  39.2673 1319572.925 	  2016   1   1 11  6 59.999988 
  669  38.3807  41.2195 1318403.338 	  2016   1   1 11  7 59.999985 
  670  35.6018  43.0108 1317250.410 	  2016   1   1 11  8 59.999981 
  671  32.7890  44.6653 1316125.961 	  2016   1   1 11 10  0.000018 
  672  29.9474  46.2033 1315041.565 	  2016   1   1 11 11  0.000014 
  673  27.0814  47.6423 1314008.406 	  2016   1   1 11 12  0.000011 
  674  24.1946  48.9974 1313037.146 	  2016   1   1 11 13  0.000007 
  675  21.2902  50.2819 1312137.794 	  2016   1   1 11 14  0.000004 
  676  18.3712  51.5073 1311319.584 	  2016   1   1 11 15  0.000000 
  677  15.4399  52.6840 1310590.859 	  2016   1   1 11 15 59.999996 
  678  12.4987  53.8213 1309958.967 	  2016   1   1 11 16 59.999993 
  679   9.5496  54.9276 1309430.177 	  2016   1   1 11 17 59.999989 
  680   6.5947  56.0109 1309009.594 	  2016   1   1 11 18 59.999986 
  681   3.6357  57.0786 1308701.100 	  2016   1   1 11 19 59.999982 
  682   0.6745  58.1378 1308507.309 	  2016   1   1 11 21  0.000019 
  683  -2.2871  59.1954 1308429.531 	  2016   1   1 11 22  0.000015 
  684  -5.2475  60.2584 1308467.763 	  2016   1   1 11 23  0.000012 
  685  -8.2049  61.3339 1308620.691 	  2016   1   1 11 24  0.000008 
  686 -11.1574  62.4291 1308885.709 	  2016   1   1 11 25  0.000004 
  687 -14.1032  63.5516 1309258.956 	  2016   1   1 11 26  0.000001 
  688 -17.0401  64.7097 1309735.368 	  2016   1   1 11 26 59.999997 
  689 -19.9661  65.9123 1310308.748 	  2016   1   1 11 27 59.999994 
  690 -22.8786  67.1692 1310971.846 	  2016   1   1 11 28 59.999990 
  691 -25.7751  68.4915 1311716.456 	  2016   1   1 11 29 59.999987 
  692 -28.6524  69.8915 1312533.520 	  2016   1   1 11 30 59.999983 
  693 -31.5071  71.3837 1313413.248 	  2016   1   1 11 32  0.000020 
  694 -34.3352  72.9843 1314345.242 	  2016   1   1 11 33  0.000016 
  695 -37.1319  74.7124 1315318.629 	  2016   1   1 11 34  0.000013 
  696 -39.8916  76.5903 1316322.195 	  2016   1   1 11 35  0.000009 
  697 -42.6075  78.6443 1317344.527 	  2016   1   1 11 36  0.000005 
  698 -45.2714  80.9050 1318374.157 	  2016   1   1 11 37  0.000002 
  699 -47.8734  83.4087 1319399.697 	  2016   1   1 11 37 59.999998 
  700 -50.4011  86.1978 1320409.979 	  2016   1   1 11 38 59.999995 
  701 -52.8394  89.3213 1321394.194 	  2016   1   1 11 39 59.999991 
  702 -55.1696  92.8351 1322342.012 	  2016   1   1 11 40 59.999987 
  703 -57.3686  96.8002 1323243.710 	  2016   1   1 11 41 59.999984 
  704 -59.4081 101.2800 1324090.282 	  2016   1   1 11 42 59.999980 
  705 -61.2545 106.3329 1324873.541 	  2016   1   1 11 44  0.000017 
  706 -62.8685 112.0009 1325586.216 	  2016   1   1 11 45  0.000013 
  707 -64.2066 118.2925 1326222.025 	  2016   1   1 11 46  0.000010 
  708 -65.2242 125.1623 1326775.748 	  2016   1   1 11 47  0.000006 
  709 -65.8810 132.4949 1327243.280 	  2016   1   1 11 48  0.000003 
  710 -66.1472 140.1034 1327621.671 	  2016   1   1 11 48 59.999999 
  711 -66.0101 147.7513 1327909.150 	  2016   1   1 11 49 59.999996 
  712 -65.4764 155.1943 1328105.141 	  2016   1   1 11 50 59.999992 
  713 -64.5711 162.2263 1328210.257 	  2016   1   1 11 51 59.999988 
  714 -63.3321 168.7085 1328226.283 	  2016   1   1 11 52 59.999985 
  715 -61.8034 174.5747 1328156.148 	  2016   1   1 11 53 59.999981 
  716 -60.0292 179.8185 1328003.872 	  2016   1   1 11 55  0.000018 
  717 -58.0503 -175.5267 1327774.515 	  2016   1   1 11 56  0.000014 
  718 -55.9025 -171.4061 1327474.102 	  2016   1   1 11 57  0.000011 
  719 -53.6154 -167.7569 1327109.539 	  2016   1   1 11 58  0.000007 
  720 -51.2139 -164.5169 1326688.521 	  2016   1   1 11 59  0.000004 
  721 -48.7178 -161.6284 1326219.427 	  2016   1   1 12  0  0.000000 
  722 -46.1435 -159.0401 1325711.205 	  2016   1   1 12  0 59.999996 
  723 -43.5040 -156.7075 1325173.256 	  2016   1   1 12  1 59.999993 
  724 -40.8099 -154.5927 1324615.303 	  2016   1   1 12  2 59.999989 
  725 -38.0700 -152.6632 1324047.266 	  2016   1   1 12  3 59.999986 
  726 -35.2914 -150.8915 1323479.122 	  2016   1   1 12  4 59.999982 
  727 -32.4800 -149.2540 1322920.777 	  2016   1   1 12  6  0.000019 
  728 -29.6409 -147.7309 1322381.927 	  2016   1   1 12  7  0.000015 
  729 -26.7783 -146.3048 1321871.931 	  2016   1   1 12  8  0.000012 
  730 -23.8957 -144.9611 1321399.680 	  2016   1   1 12  9  0.000008 
  731 -20.9962 -143.6866 1320973.474 	  2016   1   1 12 10  0.000004 
  732 -18.0828 -142.4699 1320600.915 	  2016   1   1 12 11  0.000001 
  733 -15.1577 -141.3010 1320288.792 	  2016   1   1 12 11 59.999997 
  734 -12.2233 -140.1706 1320042.995 	  2016   1   1 12 12 59.999994 
  735  -9.2815 -139.0703 1319868.428 	  2016   1   1 12 13 59.999990 
  736  -6.3344 -137.9924 1319768.939 	  2016   1   1 12 14 59.999987 
  737  -3.3836 -136.9295 1319747.268 	  2016   1   1 12 15 59.999983 
  738  -0.4309 -135.8745 1319805.002 	  2016   1   1 12 17  0.000020 
  739   2.5219 -134.8206 1319942.556 	  2016   1   1 12 18  0.000016 
  740   5.4732 -133.7608 1320159.157 	  2016   1   1 12 19  0.000013 
  741   8.4212 -132.6882 1320452.858 	  2016   1   1 12 20  0.000009 
  742  11.3642 -131.5955 1320820.556 	  2016   1   1 12 21  0.000005 
  743  14.3002 -130.4751 1321258.034 	  2016   1   1 12 22  0.000002 
  744  17.2274 -129.3188 1321760.013 	  2016   1   1 12 22 59.999998 
  745  20.1434 -128.1176 1322320.220 	  2016   1   1 12 23 59.999995 
  746  23.0461 -126.8618 1322931.473 	  2016   1   1 12 24 59.999991 
  747  25.9326 -125.5404 1323585.767 	  2016   1   1 12 25 59.999987 
  748  28.8000 -124.1409 1324274.387 	  2016   1   1 12 26 59.999984 
  749  31.6449 -122.6490 1324988.015 	  2016   1   1 12 27 59.999980 
  750  34.4632 -121.0484 1325716.857 	  2016   1   1 12 29  0.000017 
  751  37.2502 -119.3199 1326450.763 	  2016   1   1 12 30  0.000013 
  752  40.0004 -117.4414 1327179.368 	  2016   1   1 12 31  0.000010 
  753  42.7070 -115.3865 1327892.218 	  2016   1   1 12 32  0.000006 
  754  45.3617 -113.1245 1328578.911 	  2016   1   1 12 33  0.000003 
  755  47.9547 -110.6193 1329229.230 	  2016   1   1 12 33 59.999999 
  756  50.4737 -107.8284 1329833.274 	  2016   1   1 12 34 59.999996 
  757  52.9035 -104.7027 1330381.589 	  2016   1   1 12 35 59.999992 
  758  55.2253 -101.1867 1330865.285 	  2016   1   1 12 36 59.999988 
  759  57.4161 -97.2193 1331276.158 	  2016   1   1 12 37 59.999985 
  760  59.4478 -92.7373 1331606.793 	  2016   1   1 12 38 59.999981 
  761  61.2867 -87.6827 1331850.660 	  2016   1   1 12 40  0.000018 
  762  62.8934 -82.0139 1332002.207 	  2016   1   1 12 41  0.000014 
  763  64.2245 -75.7229 1332056.927 	  2016   1   1 12 42  0.000011 
  764  65.2357 -68.8556 1332011.428 	  2016   1   1 12 43  0.000007 
  765  65.8867 -61.5277 1331863.477 	  2016   1   1 12 44  0.000004 
  766  66.1479 -53.9260 1331612.038 	  2016   1   1 12 45  0.000000 
  767  66.0065 -46.2867 1331257.295 	  2016   1   1 12 45 59.999996 
  768  65.4693 -38.8529 1330800.657 	  2016   1   1 12 46 59.999993 
  769  64.5613 -31.8299 1330244.752 	  2016   1   1 12 47 59.999989 
  770  63.3201 -25.3560 1329593.407 	  2016   1   1 12 48 59.999986 
  771  61.7895 -19.4967 1328851.608 	  2016   1   1 12 49 59.999982 
  772  60.0136 -14.2586 1328025.455 	  2016   1   1 12 51  0.000019 
  773  58.0331  -9.6080 1327122.095 	  2016   1   1 12 52  0.000015 
  774  55.8833  -5.4906 1326149.648 	  2016   1   1 12 53  0.000012 
  775  53.5942  -1.8436 1325117.117 	  2016   1   1 12 54  0.000008 
  776  51.1903   1.3949 1324034.289 	  2016   1   1 12 55  0.000004 
  777  48.6915   4.2827 1322911.628 	  2016   1   1 12 56  0.000001 
  778  46.1139   6.8706 1321760.151 	  2016   1   1 12 56 59.999997 
  779  43.4708   9.2032 1320591.305 	  2016   1   1 12 57 59.999994 
  780  40.7726  11.3184 1319416.834 	  2016   1   1 12 58 59.999990 
  781  38.0282  13.2486 1318248.639 	  2016   1   1 12 59 59.999987 
  782  35.2446  15.0212 1317098.641 	  2016   1   1 13  0 59.999983 
  783  32.4279  16.6598 1315978.636 	  2016   1   1 13  2  0.000020 
  784  29.5830  18.1842 1314900.155 	  2016   1   1 13  3  0.000016 
  785  26.7141  19.6117 1313874.324 	  2016   1   1 13  4  0.000013 
  786  23.8249  20.9571 1312911.730 	  2016   1   1 13  5  0.000009 
  787  20.9185  22.2335 1312022.288 	  2016   1   1 13  6  0.000005 
  788  17.9977  23.4521 1311215.125 	  2016   1   1 13  7  0.000002 
  789  15.0650  24.6233 1310498.462 	  2016   1   1 13  7 59.999998 
  790  12.1227  25.7562 1309879.515 	  2016   1   1 13  8 59.999995 
  791   9.1728  26.8592 1309364.406 	  2016   1   1 13  9 59.999991 
  792   6.2173  27.9401 1308958.088 	  2016   1   1 13 10 59.999987 
  793   3.2579  29.0063 1308664.283 	  2016   1   1 13 11 59.999984 
  794   0.2966  30.0649 1308485.438 	  2016   1   1 13 12 59.999980 
  795  -2.6650  31.1228 1308422.698 	  2016   1   1 13 14  0.000017 
  796  -5.6252  32.1870 1308475.889 	  2016   1   1 13 15  0.000013 
  797  -8.5820  33.2646 1308643.532 	  2016   1   1 13 16  0.000010 
  798 -11.5338  34.3628 1308922.856 	  2016   1   1 13 17  0.000006 
  799 -14.4785  35.4894 1309309.842 	  2016   1   1 13 18  0.000003 
  800 -17.4142  36.6526 1309799.279 	  2016   1   1 13 18 59.999999 
  801 -20.3386  37.8616 1310384.827 	  2016   1   1 13 19 59.999996 
  802 -23.2492  39.1262 1311059.110 	  2016   1   1 13 20 59.999992 
  803 -26.1434  40.4577 1311813.803 	  2016   1   1 13 21 59.999988 
  804 -29.0181  41.8687 1312639.749 	  2016   1   1 13 22 59.999985 
  805 -31.8696  43.3737 1313527.073 	  2016   1   1 13 23 59.999981 
  806 -34.6940  44.9895 1314465.306 	  2016   1   1 13 25  0.000018 
  807 -37.4863  46.7354 1315443.522 	  2016   1   1 13 26  0.000014 
  808 -40.2408  48.6342 1316450.475 	  2016   1   1 13 27  0.000011 
  809 -42.9506  50.7128 1317474.735 	  2016   1   1 13 28  0.000007 
  810 -45.6072  53.0024 1318504.835 	  2016   1   1 13 29  0.000004 
  811 -48.2004  55.5400 1319529.406 	  2016   1   1 13 30  0.000000 
  812 -50.7176  58.3689 1320537.319 	  2016   1   1 13 30 59.999996 
  813 -53.1433  61.5390 1321517.816 	  2016   1   1 13 31 59.999993 
  814 -55.4581  65.1069 1322460.638 	  2016   1   1 13 32 59.999989 
  815 -57.6384  69.1342 1323356.145 	  2016   1   1 13 33 59.999986 
  816 -59.6553  73.6840 1324195.430 	  2016   1   1 13 34 59.999982 
  817 -61.4743  78.8136 1324970.417 	  2016   1   1 13 36  0.000019 
  818 -63.0556  84.5617 1325673.956 	  2016   1   1 13 37  0.000015 
  819 -64.3552  90.9310 1326299.895 	  2016   1   1 13 38  0.000012 
  820 -65.3289  97.8678 1326843.153 	  2016   1   1 13 39  0.000008 
  821 -65.9371 105.2474 1327299.770 	  2016   1   1 13 40  0.000004 
  822 -66.1522 112.8747 1327666.943 	  2016   1   1 13 41  0.000001 
  823 -65.9637 120.5096 1327943.054 	  2016   1   1 13 41 59.999997 
  824 -65.3808 127.9104 1328127.677 	  2016   1   1 13 42 59.999994 
  825 -64.4307 134.8784 1328221.575 	  2016   1   1 13 43 59.999990 
  826 -63.1522 141.2843 1328226.682 	  2016   1   1 13 44 59.999987 
  827 -61.5897 147.0704 1328146.065 	  2016   1   1 13 45 59.999983 
  828 -59.7872 152.2365 1327983.883 	  2016   1   1 13 47  0.000020 
  829 -57.7849 156.8198 1327745.320 	  2016   1   1 13 48  0.000016 
  830 -55.6178 160.8767 1327436.518 	  2016   1   1 13 49  0.000013 
  831 -53.3149 164.4702 1327064.490 	  2016   1   1 13 50  0.000009 
  832 -50.9002 167.6623 1326637.023 	  2016   1   1 13 51  0.000005 
  833 -48.3934 170.5098 1326162.573 	  2016   1   1 13 52  0.000002 
  834 -45.8100 173.0631 1325650.154 	  2016   1   1 13 52 59.999998 
  835 -43.1630 175.3658 1325109.214 	  2016   1   1 13 53 59.999995 
  836 -40.4626 177.4553 1324549.509 	  2016   1   1 13 54 59.999991 
  837 -37.7174 179.3633 1323980.971 	  2016   1   1 13 55 59.999987 
  838 -34.9343 -178.8833 1323413.578 	  2016   1   1 13 56 59.999984 
  839 -32.1192 -177.2615 1322857.215 	  2016   1   1 13 57 59.999980 
  840 -29.2769 -175.7517 1322321.543 	  2016   1   1 13 59  0.000017 
  841 -26.4115 -174.3369 1321815.867 	  2016   1   1 14  0  0.000013 
  842 -23.5266 -173.0027 1321349.009 	  2016   1   1 14  1  0.000010 
  843 -20.6252 -171.7362 1320929.188 	  2016   1   1 14  2  0.000006 
  844 -17.7101 -170.5262 1320563.906 	  2016   1   1 14  3  0.000003 
  845 -14.7838 -169.3627 1320259.845 	  2016   1   1 14  3 59.999999 
  846 -11.8483 -168.2366 1320022.771 	  2016   1   1 14  4 59.999996 
  847  -8.9058 -167.1396 1319857.459 	  2016   1   1 14  5 59.999992 
  848  -5.9580 -166.0640 1319767.618 	  2016   1   1 14  6 59.999988 
  849  -3.0069 -165.0025 1319755.843 	  2016   1   1 14  7 59.999985 
  850  -0.0541 -163.9480 1319823.575 	  2016   1   1 14  8 59.999981 
  851   2.8986 -162.8937 1319971.076 	  2016   1   1 14 10  0.000018 
  852   5.8495 -161.8327 1320197.424 	  2016   1   1 14 11  0.000014 
  853   8.7970 -160.7579 1320500.524 	  2016   1   1 14 12  0.000011 
  854  11.7392 -159.6621 1320877.128 	  2016   1   1 14 13  0.000007 
  855  14.6742 -158.5376 1321322.882 	  2016   1   1 14 14  0.000004 
  856  17.6001 -157.3761 1321832.377 	  2016   1   1 14 15  0.000000 
  857  20.5145 -156.1685 1322399.220 	  2016   1   1 14 15 59.999996 
  858  23.4153 -154.9050 1323016.119 	  2016   1   1 14 16 59.999993 
  859  26.2995 -153.5743 1323674.974 	  2016   1   1 14 17 59.999989 
  860  29.1643 -152.1639 1324366.988 	  2016   1   1 14 18 59.999986 
  861  32.0060 -150.6591 1325082.776 	  2016   1   1 14 19 59.999982 
  862  34.8206 -149.0433 1325812.491 	  2016   1   1 14 21  0.000019 
  863  37.6033 -147.2970 1326545.952 	  2016   1   1 14 22  0.000015 
  864  40.3483 -145.3975 1327272.774 	  2016   1   1 14 23  0.000012 
  865  43.0487 -143.3180 1327982.505 	  2016   1   1 14 24  0.000008 
  866  45.6962 -141.0271 1328664.758 	  2016   1   1 14 25  0.000004 
  867  48.2805 -138.4879 1329309.353 	  2016   1   1 14 26  0.000001 
  868  50.7890 -135.6572 1329906.438 	  2016   1   1 14 26 59.999997 
  869  53.2061 -132.4850 1330446.626 	  2016   1   1 14 27 59.999994 
  870  55.5126 -128.9149 1330921.110 	  2016   1   1 14 28 59.999990 
  871  57.6848 -124.8853 1331321.781 	  2016   1   1 14 29 59.999987 
  872  59.6939 -120.3333 1331641.333 	  2016   1   1 14 30 59.999983 
  873  61.5054 -115.2021 1331873.359 	  2016   1   1 14 32  0.000020 
  874  63.0794 -109.4534 1332012.434 	  2016   1   1 14 33  0.000016 
  875  64.3722 -103.0850 1332054.195 	  2016   1   1 14 34  0.000013 
  876  65.3396 -96.1509 1331995.394 	  2016   1   1 14 35  0.000009 
  877  65.9422 -88.7763 1331833.950 	  2016   1   1 14 36  0.000005 
  878  66.1523 -81.1561 1331568.983 	  2016   1   1 14 37  0.000002 
  879  65.9596 -73.5298 1331200.835 	  2016   1   1 14 37 59.999998 
  880  65.3734 -66.1383 1330731.072 	  2016   1   1 14 38 59.999995 
  881  64.4206 -59.1792 1330162.477 	  2016   1   1 14 39 59.999991 
  882  63.1400 -52.7814 1329499.028 	  2016   1   1 14 40 59.999987 
  883  61.5757 -47.0021 1328745.857 	  2016   1   1 14 41 59.999984 
  884  59.7715 -41.8414 1327909.202 	  2016   1   1 14 42 59.999980 
  885  57.7675 -37.2622 1326996.339 	  2016   1   1 14 44  0.000017 
  886  55.5985 -33.2083 1326015.507 	  2016   1   1 14 45  0.000013 
  887  53.2934 -29.6168 1324975.817 	  2016   1   1 14 46  0.000010 
  888  50.8764 -26.4261 1323887.147 	  2016   1   1 14 47  0.000006 
  889  48.3667 -23.5793 1322760.040 	  2016   1   1 14 48  0.000003 
  890  45.7801 -21.0262 1321605.575 	  2016   1   1 14 48 59.999999 
  891  43.1293 -18.7234 1320435.245 	  2016   1   1 14 49 59.999996 
  892  40.4249 -16.6335 1319260.823 	  2016   1   1 14 50 59.999992 
  893  37.6751 -14.7249 1318094.219 	  2016   1   1 14 51 59.999988 
  894  34.8870 -12.9705 1316947.348 	  2016   1   1 14 52 59.999985 
  895  32.0664 -11.3476 1315831.980 	  2016   1   1 14 53 59.999981 
  896  29.2182  -9.8364 1314759.601 	  2016   1   1 14 55  0.000018 
  897  26.3465  -8.4202 1313741.277 	  2016   1   1 14 56  0.000014 
  898  23.4549  -7.0843 1312787.516 	  2016   1   1 14 57  0.000011 
  899  20.5465  -5.8159 1311908.138 	  2016   1   1 14 58  0.000007 
  900  17.6241  -4.6038 1311112.162 	  2016   1   1 14 59  0.000004 
  901  14.6901  -3.4380 1310407.684 	  2016   1   1 15  0  0.000000 
  902  11.7466  -2.3094 1309801.786 	  2016   1   1 15  0 59.999996 
  903   8.7959  -1.2097 1309300.444 	  2016   1   1 15  1 59.999993 
  904   5.8398  -0.1311 1308908.457 	  2016   1   1 15  2 59.999989 
  905   2.8801   0.9338 1308629.386 	  2016   1   1 15  3 59.999986 
  906  -0.0814   1.9919 1308465.512 	  2016   1   1 15  4 59.999982 
  907  -3.0429   3.0503 1308417.811 	  2016   1   1 15  6  0.000019 
  908  -6.0027   4.1158 1308485.943 	  2016   1   1 15  7  0.000015 
  909  -8.9591   5.1956 1308668.260 	  2016   1   1 15  8  0.000012 
  910 -11.9100   6.2970 1308961.828 	  2016   1   1 15  9  0.000008 
  911 -14.8537   7.4278 1309362.474 	  2016   1   1 15 10  0.000004 
  912 -17.7881   8.5964 1309864.835 	  2016   1   1 15 11  0.000001 
  913 -20.7109   9.8118 1310462.436 	  2016   1   1 15 11 59.999997 
  914 -23.6196  11.0844 1311147.770 	  2016   1   1 15 12 59.999994 
  915 -26.5115  12.4252 1311912.401 	  2016   1   1 15 13 59.999990 
  916 -29.3834  13.8474 1312747.071 	  2016   1   1 15 14 59.999987 
  917 -32.2317  15.3656 1313641.822 	  2016   1   1 15 15 59.999983 
  918 -35.0523  16.9968 1314586.118 	  2016   1   1 15 17  0.000020 
  919 -37.8401  18.7609 1315568.983 	  2016   1   1 15 18  0.000016 
  920 -40.5893  20.6811 1316579.138 	  2016   1   1 15 19  0.000013 
  921 -43.2928  22.7847 1317605.140 	  2016   1   1 15 20  0.000009 
  922 -45.9419  25.1038 1318635.525 	  2016   1   1 15 21  0.000005 
  923 -48.5262  27.6760 1319658.947 	  2016   1   1 15 22  0.000002 
  924 -51.0327  30.5456 1320664.315 	  2016   1   1 15 22 59.999998 
  925 -53.4453  33.7632 1321640.927 	  2016   1   1 15 23 59.999995 
  926 -55.7444  37.3861 1322578.594 	  2016   1   1 15 24 59.999991 
  927 -57.9056  41.4767 1323467.765 	  2016   1   1 15 25 59.999987 
  928 -59.8993  46.0976 1324299.630 	  2016   1   1 15 26 59.999984 
  929 -61.6903  51.3045 1325066.227 	  2016   1   1 15 27 59.999980 
  930 -63.2380  57.1327 1325760.527 	  2016   1   1 15 29  0.000017 
  931 -64.4985  63.5788 1326376.511 	  2016   1   1 15 30  0.000013 
  932 -65.4276  70.5807 1326909.237 	  2016   1   1 15 31  0.000010 
  933 -65.9869  78.0040 1327354.890 	  2016   1   1 15 32  0.000006 
  934 -66.1506  85.6461 1327710.817 	  2016   1   1 15 33  0.000003 
  935 -65.9108  93.2641 1327975.549 	  2016   1   1 15 33 59.999999 
  936 -65.2793 100.6194 1328148.813 	  2016   1   1 15 34 59.999996 
  937 -64.2849 107.5213 1328231.522 	  2016   1   1 15 35 59.999992 
  938 -62.9677 113.8499 1328225.755 	  2016   1   1 15 36 59.999988 
  939 -61.3721 119.5558 1328134.721 	  2016   1   1 15 37 59.999985 
  940 -59.5420 124.6450 1327962.711 	  2016   1   1 15 38 59.999981 
  941 -57.5169 129.1577 1327715.038 	  2016   1   1 15 40  0.000018 
  942 -55.3309 133.1519 1327397.957 	  2016   1   1 15 41  0.000014 
  943 -53.0125 136.6908 1327018.586 	  2016   1   1 15 42  0.000011 
  944 -50.5851 139.8359 1326584.802 	  2016   1   1 15 43  0.000007 
  945 -48.0676 142.6432 1326105.138 	  2016   1   1 15 44  0.000004 
  946 -45.4755 145.1622 1325588.671 	  2016   1   1 15 45  0.000000 
  947 -42.8212 147.4358 1325044.894 	  2016   1   1 15 45 59.999996 
  948 -40.1146 149.5004 1324483.592 	  2016   1   1 15 46 59.999993 
  949 -37.3642 151.3872 1323914.711 	  2016   1   1 15 47 59.999989 
  950 -34.5768 153.1226 1323348.225 	  2016   1   1 15 48 59.999986 
  951 -31.7579 154.7291 1322793.996 	  2016   1   1 15 49 59.999982 
  952 -28.9124 156.2260 1322261.647 	  2016   1   1 15 51  0.000019 
  953 -26.0444 157.6297 1321760.429 	  2016   1   1 15 52  0.000015 
  954 -23.1572 158.9546 1321299.093 	  2016   1   1 15 53  0.000012 
  955 -20.2540 160.2133 1320885.773 	  2016   1   1 15 54  0.000008 
  956 -17.3373 161.4168 1320527.873 	  2016   1   1 15 55  0.000004 
  957 -14.4097 162.5751 1320231.961 	  2016   1   1 15 56  0.000001 
  958 -11.4732 163.6970 1320003.683 	  2016   1   1 15 56 59.999997 
  959  -8.5299 164.7909 1319847.681 	  2016   1   1 15 57 59.999994 
  960  -5.5817 165.8643 1319767.525 	  2016   1   1 15 58 59.999990 
  961  -2.6302 166.9245 1319765.666 	  2016   1   1 15 59 59.999987 
  962   0.3226 167.9785 1319843.395 	  2016   1   1 16  0 59.999983 
  963   3.2752 169.0333 1320000.824 	  2016   1   1 16  2  0.000020 
  964   6.2258 170.0957 1320236.881 	  2016   1   1 16  3  0.000016 
  965   9.1727 171.1727 1320549.322 	  2016   1   1 16  4  0.000013 
  966  12.1141 172.2717 1320934.758 	  2016   1   1 16  5  0.000009 
  967  15.0481 173.4005 1321388.697 	  2016   1   1 16  6  0.000005 
  968  17.9726 174.5674 1321905.600 	  2016   1   1 16  7  0.000002 
  969  20.8854 175.7815 1322478.957 	  2016   1   1 16  7 59.999998 
  970  23.7842 177.0529 1323101.368 	  2016   1   1 16  8 59.999995 
  971  26.6662 178.3930 1323764.639 	  2016   1   1 16  9 59.999991 
  972  29.5282 179.8147 1324459.891 	  2016   1   1 16 10 59.999987 
  973  32.3667 -178.6674 1325177.676 	  2016   1   1 16 11 59.999984 
  974  35.1775 -177.0361 1325908.098 	  2016   1   1 16 12 59.999980 
  975  37.9557 -175.2716 1326640.943 	  2016   1   1 16 14  0.000017 
  976  40.6954 -173.3507 1327365.811 	  2016   1   1 16 15  0.000013 
  977  43.3896 -171.2461 1328072.252 	  2016   1   1 16 16  0.000010 
  978  46.0297 -168.9257 1328749.900 	  2016   1   1 16 17  0.000006 
  979  48.6050 -166.3519 1329388.610 	  2016   1   1 16 18  0.000003 
  980  51.1028 -163.4805 1329978.583 	  2016   1   1 16 18 59.999999 
  981  53.5070 -160.2608 1330510.501 	  2016   1   1 16 19 59.999996 
  982  55.7977 -156.6355 1330975.641 	  2016   1   1 16 20 59.999992 
  983  57.9509 -152.5428 1331365.992 	  2016   1   1 16 21 59.999988 
  984  59.9368 -147.9198 1331674.358 	  2016   1   1 16 22 59.999985 
  985  61.7203 -142.7114 1331894.455 	  2016   1   1 16 23 59.999981 
  986  63.2610 -136.8828 1332020.991 	  2016   1   1 16 25  0.000018 
  987  64.5147 -130.4378 1332049.741 	  2016   1   1 16 26  0.000014 
  988  65.4375 -123.4390 1331977.605 	  2016   1   1 16 27  0.000011 
  989  65.9912 -116.0209 1331802.657 	  2016   1   1 16 28  0.000007 
  990  66.1501 -108.3861 1331524.171 	  2016   1   1 16 29  0.000004 
  991  65.9063 -100.7769 1331142.647 	  2016   1   1 16 30  0.000000 
  992  65.2715 -93.4308 1330659.807 	  2016   1   1 16 30 59.999996 
  993  64.2745 -86.5377 1330078.590 	  2016   1   1 16 31 59.999993 
  994  62.9552 -80.2170 1329403.124 	  2016   1   1 16 32 59.999989 
  995  61.3579 -74.5176 1328638.686 	  2016   1   1 16 33 59.999986 
  996  59.5261 -69.4337 1327791.651 	  2016   1   1 16 34 59.999982 
  997  57.4993 -64.9249 1326869.424 	  2016   1   1 16 36  0.000019 
  998  55.3114 -60.9335 1325880.361 	  2016   1   1 16 37  0.000015 
  999  52.9908 -57.3965 1324833.676 	  2016   1   1 16 38  0.000012 
 1000  50.5609 -54.2527 1323739.340 	  2016   1   1 16 39  0.000008 
 1001  48.0406 -51.4460 1322607.972 	  2016   1   1 16 40  0.000004 
 1002  45.4452 -48.9272 1321450.712 	  2016   1   1 16 41  0.000001 
 1003  42.7871 -46.6534 1320279.095 	  2016   1   1 16 41 59.999997 
 1004  40.0763 -44.5883 1319104.920 	  2016   1   1 16 42 59.999994 
 1005  37.3213 -42.7008 1317940.108 	  2016   1   1 16 43 59.999990 
 1006  34.5287 -40.9644 1316796.560 	  2016   1   1 16 44 59.999987 
 1007  31.7044 -39.3568 1315686.021 	  2016   1   1 16 45 59.999983 
 1008  28.8529 -37.8586 1314619.931 	  2016   1   1 16 47  0.000020 
 1009  25.9785 -36.4534 1313609.290 	  2016   1   1 16 48  0.000016 
 1010  23.0846 -35.1267 1312664.526 	  2016   1   1 16 49  0.000013 
 1011  20.1743 -33.8662 1311795.366 	  2016   1   1 16 50  0.000009 
 1012  17.2503 -32.6605 1311010.713 	  2016   1   1 16 51  0.000005 
 1013  14.3149 -31.5000 1310318.541 	  2016   1   1 16 52  0.000002 
 1014  11.3704 -30.3755 1309725.794 	  2016   1   1 16 52 59.999998 
 1015   8.4189 -29.2789 1309238.304 	  2016   1   1 16 53 59.999995 
 1016   5.4622 -28.2024 1308860.711 	  2016   1   1 16 54 59.999991 
 1017   2.5022 -27.1388 1308596.416 	  2016   1   1 16 55 59.999987 
 1018  -0.4594 -26.0810 1308447.533 	  2016   1   1 16 56 59.999984 
 1019  -3.4208 -25.0221 1308414.871 	  2016   1   1 16 57 59.999980 
 1020  -6.3803 -23.9552 1308497.921 	  2016   1   1 16 59  0.000017 
 1021  -9.3360 -22.8731 1308694.867 	  2016   1   1 17  0  0.000013 
 1022 -12.2862 -21.7683 1309002.617 	  2016   1   1 17  1  0.000010 
 1023 -15.2288 -20.6332 1309416.838 	  2016   1   1 17  2  0.000006 
 1024 -18.1618 -19.4592 1309932.022 	  2016   1   1 17  3  0.000003 
 1025 -21.0829 -18.2370 1310541.555 	  2016   1   1 17  3 59.999999 
 1026 -23.9897 -16.9564 1311237.807 	  2016   1   1 17  4 59.999996 
 1027 -26.8792 -15.6059 1312012.227 	  2016   1   1 17  5 59.999992 
 1028 -29.7483 -14.1724 1312855.462 	  2016   1   1 17  6 59.999988 
 1029 -32.5934 -12.6408 1313757.471 	  2016   1   1 17  7 59.999985 
 1030 -35.4100 -10.9938 1314707.652 	  2016   1   1 17  8 59.999981 
 1031 -38.1933  -9.2111 1315694.984 	  2016   1   1 17 10  0.000018 
 1032 -40.9371  -7.2691 1316708.156 	  2016   1   1 17 11  0.000014 
 1033 -43.6341  -5.1399 1317735.715 	  2016   1   1 17 12  0.000011 
 1034 -46.2756  -2.7907 1318766.201 	  2016   1   1 17 13  0.000007 
 1035 -48.8508  -0.1831 1319788.294 	  2016   1   1 17 14  0.000004 
 1036 -51.3462   2.7279 1320790.942 	  2016   1   1 17 15  0.000000 
 1037 -53.7456   5.9939 1321763.502 	  2016   1   1 17 15 59.999996 
 1038 -56.0285   9.6730 1322695.860 	  2016   1   1 17 16 59.999993 
 1039 -58.1700  13.8278 1323578.549 	  2016   1   1 17 17 59.999989 
 1040 -60.1399  18.5207 1324402.865 	  2016   1   1 17 18 59.999986 
 1041 -61.9023  23.8056 1325160.955 	  2016   1   1 17 19 59.999982 
 1042 -63.4159  29.7138 1325845.916 	  2016   1   1 17 21  0.000019 
 1043 -64.6364  36.2357 1326451.863 	  2016   1   1 17 22  0.000015 
 1044 -65.5202  43.3004 1326973.994 	  2016   1   1 17 23  0.000012 
 1045 -66.0302  50.7642 1327408.637 	  2016   1   1 17 24  0.000008 
 1046 -66.1424  58.4172 1327753.290 	  2016   1   1 17 25  0.000004 
 1047 -65.8516  66.0142 1328006.636 	  2016   1   1 17 26  0.000001 
 1048 -65.1718  73.3209 1328168.553 	  2016   1   1 17 26 59.999997 
 1049 -64.1338  80.1548 1328240.103 	  2016   1   1 17 27 59.999994 
 1050 -62.7786  86.4053 1328223.510 	  2016   1   1 17 28 59.999990 
 1051 -61.1508  92.0313 1328122.124 	  2016   1   1 17 29 59.999987 
 1052 -59.2937  97.0440 1327940.371 	  2016   1   1 17 30 59.999983 
 1053 -57.2462 101.4872 1327683.684 	  2016   1   1 17 32  0.000020 
 1054 -55.0418 105.4197 1327358.436 	  2016   1   1 17 33  0.000016 
 1055 -52.7083 108.9050 1326971.845 	  2016   1   1 17 34  0.000013 
 1056 -50.2685 112.0040 1326531.878 	  2016   1   1 17 35  0.000009 
 1057 -47.7407 114.7719 1326047.144 	  2016   1   1 17 36  0.000005 
 1058 -45.1400 117.2574 1325526.778 	  2016   1   1 17 37  0.000002 
 1059 -42.4785 119.5024 1324980.317 	  2016   1   1 17 37 59.999998 
 1060 -39.7660 121.5427 1324417.575 	  2016   1   1 17 38 59.999995 
 1061 -37.0105 123.4088 1323848.509 	  2016   1   1 17 39 59.999991 
 1062 -34.2187 125.1265 1323283.084 	  2016   1   1 17 40 59.999987 
 1063 -31.3962 126.7180 1322731.140 	  2016   1   1 17 41 59.999984 
 1064 -28.5476 128.2021 1322202.259 	  2016   1   1 17 42 59.999980 
 1065 -25.6770 129.5950 1321705.636 	  2016   1   1 17 44  0.000017 
 1066 -22.7876 130.9108 1321249.950 	  2016   1   1 17 45  0.000013 
 1067 -19.8825 132.1618 1320843.246 	  2016   1   1 17 46  0.000010 
 1068 -16.9643 133.3591 1320492.828 	  2016   1   1 17 47  0.000006 
 1069 -14.0355 134.5122 1320205.152 	  2016   1   1 17 48  0.000003 
 1070 -11.0980 135.6301 1319985.740 	  2016   1   1 17 48 59.999999 
 1071  -8.1540 136.7209 1319839.101 	  2016   1   1 17 49 59.999996 
 1072  -5.2052 137.7923 1319768.666 	  2016   1   1 17 50 59.999992 
 1073  -2.2535 138.8513 1319776.738 	  2016   1   1 17 51 59.999988 
 1074   0.6994 139.9051 1319864.461 	  2016   1   1 17 52 59.999985 
 1075   3.6518 140.9604 1320031.795 	  2016   1   1 17 53 59.999981 
 1076   6.6020 142.0243 1320277.520 	  2016   1   1 17 55  0.000018 
 1077   9.5483 143.1037 1320599.244 	  2016   1   1 17 56  0.000014 
 1078  12.4889 144.2061 1320993.434 	  2016   1   1 17 57  0.000011 
 1079  15.4217 145.3392 1321455.463 	  2016   1   1 17 58  0.000007 
 1080  18.3449 146.5116 1321979.666 	  2016   1   1 17 59  0.000004 
 1081  21.2561 147.7324 1322559.413 	  2016   1   1 18  0  0.000000 
 1082  24.1529 149.0119 1323187.199 	  2016   1   1 18  0 59.999996 
 1083  27.0325 150.3617 1323854.738 	  2016   1   1 18  1 59.999993 
 1084  29.8917 151.7948 1324553.073 	  2016   1   1 18  2 59.999989 
 1085  32.7269 153.3262 1325272.692 	  2016   1   1 18  3 59.999986 
 1086  35.5339 154.9733 1326003.653 	  2016   1   1 18  4 59.999982 
 1087  38.3075 156.7564 1326735.711 	  2016   1   1 18  6  0.000019 
 1088  41.0418 158.6991 1327458.453 	  2016   1   1 18  7  0.000015 
 1089  43.7296 160.8293 1328161.435 	  2016   1   1 18  8  0.000012 
 1090  46.3621 163.1798 1328834.313 	  2016   1   1 18  9  0.000008 
 1091  48.9283 165.7890 1329466.977 	  2016   1   1 18 10  0.000004 
 1092  51.4151 168.7019 1330049.687 	  2016   1   1 18 11  0.000001 
 1093  53.8060 171.9700 1330573.193 	  2016   1   1 18 11 59.999997 
 1094  56.0807 175.6514 1331028.860 	  2016   1   1 18 12 59.999994 
 1095  58.2142 179.8083 1331408.775 	  2016   1   1 18 13 59.999990 
 1096  60.1764 -175.4968 1331705.855 	  2016   1   1 18 14 59.999987 
 1097  61.9313 -170.2106 1331913.938 	  2016   1   1 18 15 59.999983 
 1098  63.4378 -164.3021 1332027.867 	  2016   1   1 18 17  0.000020 
 1099  64.6517 -157.7816 1332043.558 	  2016   1   1 18 18  0.000016 
 1100  65.5294 -150.7202 1331958.060 	  2016   1   1 18 19  0.000013 
 1101  66.0338 -143.2620 1331769.598 	  2016   1   1 18 20  0.000009 
 1102  66.1414 -135.6166 1331477.604 	  2016   1   1 18 21  0.000005 
 1103  65.8466 -128.0283 1331082.735 	  2016   1   1 18 22  0.000002 
 1104  65.1637 -120.7308 1330586.870 	  2016   1   1 18 22 59.999998 
 1105  64.1233 -113.9056 1329993.102 	  2016   1   1 18 23 59.999995 
 1106  62.7660 -107.6628 1329305.708 	  2016   1   1 18 24 59.999991 
 1107  61.1364 -102.0431 1328530.111 	  2016   1   1 18 25 59.999987 
 1108  59.2777 -97.0353 1327672.822 	  2016   1   1 18 26 59.999984 
 1109  57.2285 -92.5959 1326741.371 	  2016   1   1 18 27 59.999980 
 1110  55.0222 -88.6661 1325744.231 	  2016   1   1 18 29  0.000017 
 1111  52.6865 -85.1826 1324690.718 	  2016   1   1 18 30  0.000013 
 1112  50.2441 -82.0847 1323590.895 	  2016   1   1 18 31  0.000010 
 1113  47.7134 -79.3174 1322455.453 	  2016   1   1 18 32  0.000006 
 1114  45.1093 -76.8321 1321295.589 	  2016   1   1 18 33  0.000003 
 1115  42.4439 -74.5869 1320122.883 	  2016   1   1 18 33 59.999999 
 1116  39.7271 -72.5460 1318949.155 	  2016   1   1 18 34 59.999996 
 1117  36.9669 -70.6791 1317786.332 	  2016   1   1 18 35 59.999992 
 1118  34.1700 -68.9604 1316646.306 	  2016   1   1 18 36 59.999988 
 1119  31.3419 -67.3677 1315540.787 	  2016   1   1 18 37 59.999985 
 1120  28.4874 -65.8823 1314481.169 	  2016   1   1 18 38 59.999981 
 1121  25.6103 -64.4878 1313478.387 	  2016   1   1 18 40  0.000018 
 1122  22.7141 -63.1703 1312542.785 	  2016   1   1 18 41  0.000014 
 1123  19.8019 -61.9173 1311683.991 	  2016   1   1 18 42  0.000011 
 1124  16.8763 -60.7180 1310910.797 	  2016   1   1 18 43  0.000007 
 1125  13.9396 -59.5625 1310231.049 	  2016   1   1 18 44  0.000004 
 1126  10.9941 -58.4420 1309651.554 	  2016   1   1 18 45  0.000000 
 1127   8.0418 -57.3484 1309177.995 	  2016   1   1 18 45 59.999996 
 1128   5.0846 -56.2739 1308814.856 	  2016   1   1 18 46 59.999993 
 1129   2.1243 -55.2115 1308565.376 	  2016   1   1 18 47 59.999989 
 1130  -0.8374 -54.1539 1308431.502 	  2016   1   1 18 48 59.999986 
 1131  -3.7986 -53.0944 1308413.875 	  2016   1   1 18 49 59.999982 
 1132  -6.7577 -52.0259 1308511.817 	  2016   1   1 18 51  0.000019 
 1133  -9.7129 -50.9413 1308723.347 	  2016   1   1 18 52  0.000015 
 1134 -12.6622 -49.8332 1309045.210 	  2016   1   1 18 53  0.000012 
 1135 -15.6037 -48.6936 1309472.921 	  2016   1   1 18 54  0.000008 
 1136 -18.5353 -47.5139 1310000.823 	  2016   1   1 18 55  0.000004 
 1137 -21.4548 -46.2849 1310622.168 	  2016   1   1 18 56  0.000001 
 1138 -24.3595 -44.9961 1311329.200 	  2016   1   1 18 56 59.999997 
 1139 -27.2466 -43.6357 1312113.260 	  2016   1   1 18 57 59.999994 
 1140 -30.1129 -42.1905 1312964.899 	  2016   1   1 18 58 59.999990 
 1141 -32.9545 -40.6452 1313873.994 	  2016   1   1 18 59 59.999987 
 1142 -35.7672 -38.9821 1314829.883 	  2016   1   1 19  0 59.999983 
 1143 -38.5458 -37.1805 1315821.499 	  2016   1   1 19  2  0.000020 
 1144 -41.2841 -35.2163 1316837.503 	  2016   1   1 19  3  0.000016 
 1145 -43.9746 -33.0609 1317866.432 	  2016   1   1 19  4  0.000013 
 1146 -46.6083 -30.6810 1318896.836 	  2016   1   1 19  5  0.000009 
 1147 -49.1740 -28.0373 1319917.420 	  2016   1   1 19  6  0.000005 
 1148 -51.6582 -25.0841 1320917.176 	  2016   1   1 19  7  0.000002 
 1149 -54.0439 -21.7687 1321885.520 	  2016   1   1 19  7 59.999998 
 1150 -56.3103 -18.0324 1322812.412 	  2016   1   1 19  8 59.999995 
 1151 -58.4317 -13.8123 1323688.479 	  2016   1   1 19  9 59.999991 
 1152 -60.3773  -9.0466 1324505.115 	  2016   1   1 19 10 59.999987 
 1153 -62.1102  -3.6832 1325254.586 	  2016   1   1 19 11 59.999984 
 1154 -63.5889   2.3050 1325930.111 	  2016   1   1 19 12 59.999980 
 1155 -64.7689   8.9016 1326525.941 	  2016   1   1 19 14  0.000017 
 1156 -65.6068  16.0268 1327037.413 	  2016   1   1 19 15  0.000013 
 1157 -66.0670  23.5275 1327461.004 	  2016   1   1 19 16  0.000010 
 1158 -66.1277  31.1872 1327794.360 	  2016   1   1 19 17  0.000006 
 1159 -65.7860  38.7595 1328036.316 	  2016   1   1 19 18  0.000003 
 1160 -65.0585  46.0146 1328186.900 	  2016   1   1 19 18 59.999999 
 1161 -63.9776  52.7786 1328247.323 	  2016   1   1 19 19 59.999996 
 1162 -62.5851  58.9504 1328219.956 	  2016   1   1 19 20 59.999992 
 1163 -60.9257  64.4966 1328108.287 	  2016   1   1 19 21 59.999988 
 1164 -59.0422  69.4338 1327916.873 	  2016   1   1 19 22 59.999985 
 1165 -56.9730  73.8083 1327651.274 	  2016   1   1 19 23 59.999981 
 1166 -54.7507  77.6803 1327317.971 	  2016   1   1 19 25  0.000018 
 1167 -52.4025  81.1130 1326924.286 	  2016   1   1 19 26  0.000014 
 1168 -49.9505  84.1667 1326478.271 	  2016   1   1 19 27  0.000011 
 1169 -47.4127  86.8960 1325988.610 	  2016   1   1 19 28  0.000007 
 1170 -44.8036  89.3486 1325464.495 	  2016   1   1 19 29  0.000004 
 1171 -42.1350  91.5656 1324915.506 	  2016   1   1 19 30  0.000000 
 1172 -39.4166  93.5821 1324351.481 	  2016   1   1 19 30 59.999996 
 1173 -36.6561  95.4279 1323782.386 	  2016   1   1 19 31 59.999993 
 1174 -33.8602  97.1284 1323218.177 	  2016   1   1 19 32 59.999989 
 1175 -31.0341  98.7052 1322668.668 	  2016   1   1 19 33 59.999986 
 1176 -28.1825 100.1768 1322143.400 	  2016   1   1 19 34 59.999982 
 1177 -25.3093 101.5591 1321651.507 	  2016   1   1 19 36  0.000019 
 1178 -22.4177 102.8659 1321201.595 	  2016   1   1 19 37  0.000015 
 1179 -19.5108 104.1096 1320801.621 	  2016   1   1 19 38  0.000012 
 1180 -16.5912 105.3006 1320458.785 	  2016   1   1 19 39  0.000008 
 1181 -13.6611 106.4488 1320179.429 	  2016   1   1 19 40  0.000004 
 1182 -10.7227 107.5628 1319968.951 	  2016   1   1 19 41  0.000001 
 1183  -7.7780 108.6507 1319831.726 	  2016   1   1 19 41 59.999997 
 1184  -4.8288 109.7201 1319771.043 	  2016   1   1 19 42 59.999994 
 1185  -1.8768 110.7781 1319789.060 	  2016   1   1 19 43 59.999990 
 1186   1.0761 111.8316 1319886.770 	  2016   1   1 19 44 59.999987 
 1187   4.0284 112.8877 1320063.985 	  2016   1   1 19 45 59.999983 
 1188   6.9782 113.9531 1320319.334 	  2016   1   1 19 47  0.000020 
 1189   9.9238 115.0350 1320650.278 	  2016   1   1 19 48  0.000016 
 1190  12.8635 116.1409 1321053.143 	  2016   1   1 19 49  0.000013 
 1191  15.7953 117.2786 1321523.167 	  2016   1   1 19 50  0.000009 
 1192  18.7170 118.4566 1322054.557 	  2016   1   1 19 51  0.000005 
 1193  21.6265 119.6843 1322640.569 	  2016   1   1 19 52  0.000002 
 1194  24.5213 120.9721 1323273.592 	  2016   1   1 19 52 59.999998 
 1195  27.3984 122.3317 1323945.250 	  2016   1   1 19 53 59.999995 
 1196  30.2548 123.7765 1324646.510 	  2016   1   1 19 54 59.999991 
 1197  33.0867 125.3216 1325367.799 	  2016   1   1 19 55 59.999987 
 1198  35.8897 126.9849 1326099.130 	  2016   1   1 19 56 59.999984 
 1199  38.6587 128.7869 1326830.230 	  2016   1   1 19 57 59.999980 
 1200  41.3875 130.7519 1327550.676 	  2016   1   1 19 59  0.000017 
 1201  44.0688 132.9083 1328250.030 	  2016   1   1 20  0  0.000013 
 1202  46.6934 135.2895 1328917.971 	  2016   1   1 20  1  0.000010 
 1203  49.2503 137.9348 1329544.432 	  2016   1   1 20  2  0.000006 
 1204  51.7258 140.8900 1330119.728 	  2016   1   1 20  3  0.000003 
 1205  54.1031 144.2075 1330634.683 	  2016   1   1 20  3 59.999999 
 1206  56.3613 147.9460 1331080.748 	  2016   1   1 20  4 59.999996 
 1207  58.4748 152.1682 1331450.113 	  2016   1   1 20  5 59.999992 
 1208  60.4127 156.9358 1331735.808 	  2016   1   1 20  6 59.999988 
 1209  62.1382 162.3003 1331931.796 	  2016   1   1 20  7 59.999985 
 1210  63.6099 168.2886 1332033.053 	  2016   1   1 20  8 59.999981 
 1211  64.7833 174.8836 1332035.640 	  2016   1   1 20 10  0.000018 
 1212  65.6152 -177.9949 1331936.753 	  2016   1   1 20 11  0.000014 
 1213  66.0700 -170.5000 1331734.771 	  2016   1   1 20 12  0.000011 
 1214  66.1261 -162.8480 1331429.284 	  2016   1   1 20 13  0.000007 
 1215  65.7806 -155.2845 1331021.104 	  2016   1   1 20 14  0.000004 
 1216  65.0501 -148.0386 1330512.268 	  2016   1   1 20 15  0.000000 
 1217  63.9668 -141.2831 1329906.022 	  2016   1   1 20 15 59.999996 
 1218  62.5724 -135.1188 1329206.794 	  2016   1   1 20 16 59.999993 
 1219  60.9112 -129.5787 1328420.148 	  2016   1   1 20 17 59.999989 
 1220  59.0261 -124.6463 1327552.731 	  2016   1   1 20 18 59.999986 
 1221  56.9551 -120.2753 1326612.200 	  2016   1   1 20 19 59.999982 
 1222  54.7309 -116.4059 1325607.139 	  2016   1   1 20 21  0.000019 
 1223  52.3804 -112.9749 1324546.968 	  2016   1   1 20 22  0.000015 
 1224  49.9258 -109.9222 1323441.837 	  2016   1   1 20 23  0.000012 
 1225  47.3849 -107.1934 1322302.507 	  2016   1   1 20 24  0.000008 
 1226  44.7724 -104.7409 1321140.234 	  2016   1   1 20 25  0.000004 
 1227  42.1000 -102.5236 1319966.636 	  2016   1   1 20 26  0.000001 
 1228  39.3772 -100.5065 1318793.555 	  2016   1   1 20 26 59.999997 
 1229  36.6120 -98.6599 1317632.921 	  2016   1   1 20 27 59.999994 
 1230  33.8108 -96.9584 1316496.611 	  2016   1   1 20 28 59.999990 
 1231  30.9791 -95.3804 1315396.304 	  2016   1   1 20 29 59.999987 
 1232  28.1214 -93.9074 1314343.342 	  2016   1   1 20 30 59.999983 
 1233  25.2417 -92.5235 1313348.592 	  2016   1   1 20 32  0.000020 
 1234  22.3434 -91.2149 1312422.314 	  2016   1   1 20 33  0.000016 
 1235  19.4293 -89.9693 1311574.035 	  2016   1   1 20 34  0.000013 
 1236  16.5021 -88.7761 1310812.431 	  2016   1   1 20 35  0.000009 
 1237  13.5642 -87.6256 1310145.223 	  2016   1   1 20 36  0.000005 
 1238  10.6178 -86.5089 1309579.078 	  2016   1   1 20 37  0.000002 
 1239   7.6647 -85.4182 1309119.527 	  2016   1   1 20 37 59.999998 
 1240   4.7070 -84.3457 1308770.900 	  2016   1   1 20 38 59.999995 
 1241   1.7464 -83.2842 1308536.270 	  2016   1   1 20 39 59.999991 
 1242  -1.2153 -82.2268 1308417.421 	  2016   1   1 20 40 59.999987 
 1243  -4.1764 -81.1665 1308414.821 	  2016   1   1 20 41 59.999984 
 1244  -7.1351 -80.0964 1308527.626 	  2016   1   1 20 42 59.999980 
 1245 -10.0896 -79.0092 1308753.691 	  2016   1   1 20 44  0.000017 
 1246 -13.0381 -77.8975 1309089.598 	  2016   1   1 20 45  0.000013 
 1247 -15.9784 -76.7533 1309530.709 	  2016   1   1 20 46  0.000010 
 1248 -18.9087 -75.5679 1310071.222 	  2016   1   1 20 47  0.000006 
 1249 -21.8264 -74.3318 1310704.255 	  2016   1   1 20 48  0.000003 
 1250 -24.7290 -73.0345 1311421.929 	  2016   1   1 20 48 59.999999 
 1251 -27.6136 -71.6642 1312215.478 	  2016   1   1 20 49 59.999996 
 1252 -30.4770 -70.2071 1313075.356 	  2016   1   1 20 50 59.999992 
 1253 -33.3152 -68.6478 1313991.367 	  2016   1   1 20 51 59.999988 
 1254 -36.1239 -66.9682 1314952.785 	  2016   1   1 20 52 59.999985 
 1255 -38.8977 -65.1473 1315948.501 	  2016   1   1 20 53 59.999981 
 1256 -41.6303 -63.1603 1316967.151 	  2016   1   1 20 55  0.000018 
 1257 -44.3141 -60.9783 1317997.266 	  2016   1   1 20 56  0.000014 
 1258 -46.9398 -58.5671 1319027.404 	  2016   1   1 20 57  0.000011 
 1259 -49.4960 -55.8866 1320046.300 	  2016   1   1 20 58  0.000007 
 1260 -51.9686 -52.8902 1321042.991 	  2016   1   1 20 59  0.000004 
 1261 -54.3403 -49.5244 1322006.955 	  2016   1   1 21  0  0.000000 
 1262 -56.5897 -45.7299 1322928.230 	  2016   1   1 21  0 59.999996 
 1263 -58.6906 -41.4436 1323797.532 	  2016   1   1 21  1 59.999993 
 1264 -60.6111 -36.6041 1324606.362 	  2016   1   1 21  2 59.999989 
 1265 -62.3140 -31.1618 1325347.102 	  2016   1   1 21  3 59.999986 
 1266 -63.7571 -25.0939 1326013.097 	  2016   1   1 21  4 59.999982 
 1267 -64.8957 -18.4239 1326598.732 	  2016   1   1 21  6  0.000019 
 1268 -65.6872 -11.2407 1327099.487 	  2016   1   1 21  7  0.000015 
 1269 -66.0973  -3.7066 1327511.985 	  2016   1   1 21  8  0.000012 
 1270 -66.1063   3.9558 1327834.022 	  2016   1   1 21  9  0.000008 
 1271 -65.7141  11.4995 1328064.585 	  2016   1   1 21 10  0.000004 
 1272 -64.9395  18.7002 1328203.853 	  2016   1   1 21 11  0.000001 
 1273 -63.8164  25.3927 1328253.186 	  2016   1   1 21 11 59.999997 
 1274 -62.3873  31.4853 1328215.098 	  2016   1   1 21 12 59.999994 
 1275 -60.6970  36.9520 1328093.217 	  2016   1   1 21 13 59.999990 
 1276 -58.7878  41.8144 1327892.230 	  2016   1   1 21 14 59.999987 
 1277 -56.6973  46.1213 1327617.819 	  2016   1   1 21 15 59.999983 
 1278 -54.4576  49.9337 1327276.578 	  2016   1   1 21 17  0.000020 
 1279 -52.0950  53.3148 1326875.924 	  2016   1   1 21 18  0.000016 
 1280 -49.6311  56.3242 1326423.999 	  2016   1   1 21 19  0.000013 
 1281 -47.0834  59.0157 1325929.556 	  2016   1   1 21 20  0.000009 
 1282 -44.4662  61.4360 1325401.843 	  2016   1   1 21 21  0.000005 
 1283 -41.7908  63.6256 1324850.481 	  2016   1   1 21 22  0.000002 
 1284 -39.0666  65.6187 1324285.330 	  2016   1   1 21 22 59.999998 
 1285 -36.3012  67.4447 1323716.363 	  2016   1   1 21 23 59.999995 
 1286 -33.5012  69.1283 1323153.524 	  2016   1   1 21 24 59.999991 
 1287 -30.6716  70.6906 1322606.600 	  2016   1   1 21 25 59.999987 
 1288 -27.8170  72.1500 1322085.088 	  2016   1   1 21 26 59.999984 
 1289 -24.9413  73.5219 1321598.060 	  2016   1   1 21 27 59.999980 
 1290 -22.0476  74.8201 1321154.046 	  2016   1   1 21 29  0.000017 
 1291 -19.1390  76.0564 1320760.912 	  2016   1   1 21 30  0.000013 
 1292 -16.2179  77.2415 1320425.755 	  2016   1   1 21 31  0.000010 
 1293 -13.2866  78.3848 1320154.802 	  2016   1   1 21 32  0.000006 
 1294 -10.3473  79.4951 1319953.324 	  2016   1   1 21 33  0.000003 
 1295  -7.4019  80.5802 1319825.559 	  2016   1   1 21 33 59.999999 
 1296  -4.4523  81.6477 1319774.658 	  2016   1   1 21 34 59.999996 
 1297  -1.5001  82.7047 1319802.630 	  2016   1   1 21 35 59.999992 
 1298   1.4528  83.7582 1319910.320 	  2016   1   1 21 36 59.999988 
 1299   4.4049  84.8151 1320097.389 	  2016   1   1 21 37 59.999985 
 1300   7.3543  85.8822 1320362.315 	  2016   1   1 21 38 59.999981 
 1301  10.2992  86.9668 1320702.415 	  2016   1   1 21 40  0.000018 
 1302  13.2380  88.0762 1321113.873 	  2016   1   1 21 41  0.000014 
 1303  16.1686  89.2185 1321591.792 	  2016   1   1 21 42  0.000011 
 1304  19.0889  90.4024 1322130.256 	  2016   1   1 21 43  0.000007 
 1305  21.9967  91.6371 1322722.405 	  2016   1   1 21 44  0.000004 
 1306  24.8893  92.9334 1323360.526 	  2016   1   1 21 45  0.000000 
 1307  27.7640  94.3031 1324036.153 	  2016   1   1 21 45 59.999996 
 1308  30.6175  95.7598 1324740.180 	  2016   1   1 21 46 59.999993 
 1309  33.4459  97.3189 1325462.974 	  2016   1   1 21 47 59.999989 
 1310  36.2449  98.9987 1326194.505 	  2016   1   1 21 48 59.999986 
 1311  39.0092 100.8201 1326924.476 	  2016   1   1 21 49 59.999982 
 1312  41.7324 102.8078 1327642.455 	  2016   1   1 21 51  0.000019 
 1313  44.4069 104.9909 1328338.011 	  2016   1   1 21 52  0.000015 
 1314  47.0236 107.4035 1329000.852 	  2016   1   1 21 53  0.000012 
 1315  49.5709 110.0856 1329620.951 	  2016   1   1 21 54  0.000008 
 1316  52.0350 113.0839 1330188.685 	  2016   1   1 21 55  0.000004 
 1317  54.3983 116.4518 1330694.950 	  2016   1   1 21 56  0.000001 
 1318  56.6396 120.2484 1331131.288 	  2016   1   1 21 56 59.999997 
 1319  58.7325 124.5369 1331489.991 	  2016   1   1 21 57 59.999994 
 1320  60.6455 129.3781 1331764.204 	  2016   1   1 21 58 59.999990 
 1321  62.3411 134.8214 1331948.017 	  2016   1   1 21 59 59.999987 
 1322  63.7772 140.8892 1332036.541 	  2016   1   1 22  0 59.999983 
 1323  64.9093 147.5573 1332025.980 	  2016   1   1 22  2  0.000020 
 1324  65.6948 154.7366 1331913.681 	  2016   1   1 22  3  0.000016 
 1325  66.0996 162.2646 1331698.177 	  2016   1   1 22  4  0.000013 
 1326  66.1043 169.9191 1331379.212 	  2016   1   1 22  5  0.000009 
 1327  65.7084 177.4539 1330957.758 	  2016   1   1 22  6  0.000005 
 1328  64.9308 -175.3545 1330436.008 	  2016   1   1 22  7  0.000002 
 1329  63.8054 -168.6704 1329817.361 	  2016   1   1 22  7 59.999998 
 1330  62.3744 -162.5851 1329106.393 	  2016   1   1 22  8 59.999995 
 1331  60.6824 -157.1242 1328308.812 	  2016   1   1 22  9 59.999991 
 1332  58.7715 -152.2664 1327431.397 	  2016   1   1 22 10 59.999987 
 1333  56.6793 -147.9629 1326481.929 	  2016   1   1 22 11 59.999984 
 1334  54.4376 -144.1529 1325469.107 	  2016   1   1 22 12 59.999980 
 1335  52.0726 -140.7734 1324402.448 	  2016   1   1 22 14  0.000017 
 1336  49.6061 -137.7649 1323292.188 	  2016   1   1 22 15  0.000013 
 1337  47.0554 -135.0738 1322149.159 	  2016   1   1 22 16  0.000010 
 1338  44.4346 -132.6535 1320984.672 	  2016   1   1 22 17  0.000006 
 1339  41.7553 -130.4636 1319810.380 	  2016   1   1 22 18  0.000003 
 1340  39.0267 -128.4698 1318638.145 	  2016   1   1 22 18 59.999999 
 1341  36.2565 -126.6430 1317479.900 	  2016   1   1 22 19 59.999996 
 1342  33.4511 -124.9584 1316347.502 	  2016   1   1 22 20 59.999992 
 1343  30.6159 -123.3948 1315252.596 	  2016   1   1 22 21 59.999988 
 1344  27.7552 -121.9340 1314206.472 	  2016   1   1 22 22 59.999985 
 1345  24.8729 -120.5605 1313219.926 	  2016   1   1 22 23 59.999981 
 1346  21.9724 -119.2605 1312303.132 	  2016   1   1 22 25  0.000018 
 1347  19.0565 -118.0222 1311465.514 	  2016   1   1 22 26  0.000014 
 1348  16.1278 -116.8349 1310715.633 	  2016   1   1 22 27  0.000011 
 1349  13.1887 -115.6892 1310061.079 	  2016   1   1 22 28  0.000007 
 1350  10.2413 -114.5763 1309508.377 	  2016   1   1 22 29  0.000004 
 1351   7.2875 -113.4883 1309062.909 	  2016   1   1 22 30  0.000000 
 1352   4.3293 -112.4176 1308728.848 	  2016   1   1 22 30 59.999996 
 1353   1.3685 -111.3570 1308509.102 	  2016   1   1 22 31 59.999993 
 1354  -1.5933 -110.2997 1308405.288 	  2016   1   1 22 32 59.999989 
 1355  -4.5541 -109.2385 1308417.706 	  2016   1   1 22 33 59.999986 
 1356  -7.5124 -108.1666 1308545.343 	  2016   1   1 22 34 59.999982 
 1357 -10.4663 -107.0767 1308785.890 	  2016   1   1 22 36  0.000019 
 1358 -13.4138 -105.9613 1309135.769 	  2016   1   1 22 37  0.000015 
 1359 -16.3530 -104.8123 1309590.188 	  2016   1   1 22 38  0.000012 
 1360 -19.2818 -103.6210 1310143.204 	  2016   1   1 22 39  0.000008 
 1361 -22.1977 -102.3778 1310787.799 	  2016   1   1 22 40  0.000004 
 1362 -25.0982 -101.0718 1311515.975 	  2016   1   1 22 41  0.000001 
 1363 -27.9803 -99.6912 1312318.858 	  2016   1   1 22 41 59.999997 
 1364 -30.8407 -98.2220 1313186.812 	  2016   1   1 22 42 59.999994 
 1365 -33.6754 -96.6484 1314109.565 	  2016   1   1 22 43 59.999990 
 1366 -36.4799 -94.9520 1315076.333 	  2016   1   1 22 44 59.999987 
 1367 -39.2489 -93.1114 1316075.965 	  2016   1   1 22 45 59.999983 
 1368 -41.9757 -91.1013 1317097.076 	  2016   1   1 22 47  0.000020 
 1369 -44.6527 -88.8920 1318128.189 	  2016   1   1 22 48  0.000016 
 1370 -47.2702 -86.4488 1319157.880 	  2016   1   1 22 49  0.000013 
 1371 -49.8165 -83.7307 1320174.909 	  2016   1   1 22 50  0.000009 
 1372 -52.2773 -80.6902 1321168.364 	  2016   1   1 22 51  0.000005 
 1373 -54.6347 -77.2732 1322127.786 	  2016   1   1 22 52  0.000002 
 1374 -56.8667 -73.4195 1323043.291 	  2016   1   1 22 52 59.999998 
 1375 -58.9464 -69.0659 1323905.690 	  2016   1   1 22 53 59.999995 
 1376 -60.8414 -64.1518 1324706.590 	  2016   1   1 22 54 59.999991 
 1377 -62.5136 -58.6302 1325438.488 	  2016   1   1 22 55 59.999987 
 1378 -63.9204 -52.4829 1326094.860 	  2016   1   1 22 56 59.999984 
 1379 -65.0169 -45.7410 1326670.225 	  2016   1   1 22 57 59.999980 
 1380 -65.7614 -38.5025 1327160.206 	  2016   1   1 22 59  0.000017 
 1381 -66.1210 -30.9386 1327561.574 	  2016   1   1 23  0  0.000013 
 1382 -66.0785 -23.2776 1327872.274 	  2016   1   1 23  1  0.000010 
 1383 -65.6360 -15.7661 1328091.445 	  2016   1   1 23  2  0.000006 
 1384 -64.8148  -8.6226 1328219.416 	  2016   1   1 23  3  0.000003 
 1385 -63.6501  -2.0031 1328257.696 	  2016   1   1 23  3 59.999999 
 1386 -62.1853   4.0098 1328208.943 	  2016   1   1 23  4 59.999996 
 1387 -60.4647   9.3975 1328076.923 	  2016   1   1 23  5 59.999992 
 1388 -58.5304  14.1859 1327866.452 	  2016   1   1 23  6 59.999988 
 1389 -56.4193  18.4262 1327583.333 	  2016   1   1 23  7 59.999985 
 1390 -54.1625  22.1800 1327234.269 	  2016   1   1 23  8 59.999981 
 1391 -51.7858  25.5105 1326826.776 	  2016   1   1 23 10  0.000018 
 1392 -49.3104  28.4765 1326369.079 	  2016   1   1 23 11  0.000014 
 1393 -46.7531  31.1309 1325869.999 	  2016   1   1 23 12  0.000011 
 1394 -44.1278  33.5197 1325338.841 	  2016   1   1 23 13  0.000007 
 1395 -41.4457  35.6824 1324785.261 	  2016   1   1 23 14  0.000004 
 1396 -38.7159  37.6527 1324219.141 	  2016   1   1 23 15  0.000000 
 1397 -35.9458  39.4591 1323650.458 	  2016   1   1 23 15 59.999996 
 1398 -33.1417  41.1261 1323089.143 	  2016   1   1 23 16 59.999993 
 1399 -30.3087  42.6744 1322544.954 	  2016   1   1 23 17 59.999989 
 1400 -27.4512  44.1218 1322027.339 	  2016   1   1 23 18 59.999986 
 1401 -24.5730  45.4836 1321545.309 	  2016   1   1 23 19 59.999982 
 1402 -21.6773  46.7732 1321107.315 	  2016   1   1 23 21  0.000019 
 1403 -18.7670  48.0024 1320721.132 	  2016   1   1 23 22  0.000015 
 1404 -15.8445  49.1817 1320393.750 	  2016   1   1 23 23  0.000012 
 1405 -12.9121  50.3203 1320131.280 	  2016   1   1 23 24  0.000008 
 1406  -9.9719  51.4269 1319938.864 	  2016   1   1 23 25  0.000004 
 1407  -7.0258  52.5094 1319820.606 	  2016   1   1 23 26  0.000001 
 1408  -4.0758  53.5751 1319779.513 	  2016   1   1 23 26 59.999997 
 1409  -1.1234  54.6313 1319817.450 	  2016   1   1 23 27 59.999994 
 1410   1.8295  55.6849 1319935.108 	  2016   1   1 23 28 59.999990 
 1411   4.7813  56.7426 1320132.000 	  2016   1   1 23 29 59.999987 
 1412   7.7302  57.8116 1320406.455 	  2016   1   1 23 30 59.999983 
 1413  10.6745  58.8989 1320755.644 	  2016   1   1 23 32  0.000020 
 1414  13.6123  60.0121 1321175.611 	  2016   1   1 23 33  0.000016 
 1415  16.5417  61.1592 1321661.325 	  2016   1   1 23 34  0.000013 
 1416  19.4606  62.3490 1322206.747 	  2016   1   1 23 35  0.000009 
 1417  22.3666  63.5910 1322804.903 	  2016   1   1 23 36  0.000005 
 1418  25.2571  64.8959 1323447.981 	  2016   1   1 23 37  0.000002 
 1419  28.1293  66.2759 1324127.426 	  2016   1   1 23 37 59.999998 
 1420  30.9798  67.7447 1324834.060 	  2016   1   1 23 38 59.999995 
 1421  33.8047  69.3182 1325558.193 	  2016   1   1 23 39 59.999991 
 1422  36.5996  71.0148 1326289.755 	  2016   1   1 23 40 59.999987 
 1423  39.3590  72.8559 1327018.425 	  2016   1   1 23 41 59.999984 
 1424  42.0764  74.8669 1327733.766 	  2016   1   1 23 42 59.999980 
 1425  44.7442  77.0772 1328425.357 	  2016   1   1 23 44  0.000017 
 1426  47.3527  79.5218 1329082.933 	  2016   1   1 23 45  0.000013 
 1427  49.8902  82.2416 1329696.514 	  2016   1   1 23 46  0.000010 
 1428  52.3425  85.2839 1330256.537 	  2016   1   1 23 47  0.000006 
 1429  54.6915  88.7030 1330753.976 	  2016   1   1 23 48  0.000003 
 1430  56.9154  92.5589 1331180.462 	  2016   1   1 23 48 59.999999 
 1431  58.9873  96.9146 1331528.392 	  2016   1   1 23 49 59.999996 
 1432  60.8747 101.8303 1331791.029 	  2016   1   1 23 50 59.999992 
 1433  62.5396 107.3528 1331962.589 	  2016   1   1 23 51 59.999988 
 1434  63.9395 113.4997 1332038.321 	  2016   1   1 23 52 59.999985 
 1435  65.0296 120.2395 1332014.572 	  2016   1   1 23 53 59.999981 
 1436  65.7683 127.4737 1331888.840 	  2016   1   1 23 55  0.000018 
 1437  66.1227 135.0312 1331659.812 	  2016   1   1 23 56  0.000014 
 1438  66.0759 142.6842 1331327.390 	  2016   1   1 23 57  0.000011 
 1439  65.6299 150.1867 1330892.702 	  2016   1   1 23 58  0.000007 
 1440  64.8058 157.3212 1330358.097 	  2016   1   1 23 59  0.000004 
 1441  63.6389 163.9325 1329727.127 	  2016   1   2  0  0  0.000000 
